null	0.29989581363606798714 0.20308424694721327608 0.11286555576380531696 0.19542747126653617351 0.18872691238637714917
null	0.25821086469565712740 0.22168455605433223798 0.15096628144452486908 0.19305750851701231063 0.17608078928847334388
null	0.38942549166507622882 0.16829514472429141225 0.11378611255634026034 0.16715868541353051668 0.16133456564076162354
null	0.40055839627611206089 0.16278017672396016824 0.10711167411714113407 0.15991863329603941968 0.16963111958674725877
null	0.40013085143817844758 0.16430363955766938422 0.11118525192325071083 0.16825375177259291326 0.15612650530830854412
null	0.36931059618784195520 0.16688721828087549337 0.11143133618222486603 0.16970893354518354346 0.18266191580387408644
null	0.37984160815612610929 0.16058274628345725610 0.10386249184977422444 0.16166089492810767347 0.19405225878253476446
null	0.38056989270555663385 0.16287432744723409628 0.10885378223167620215 0.17109496124128509287 0.17660703637424804424
null	0.35248885818630709688 0.17934609570586071414 0.12400000186407678093 0.16858014876084989608 0.17558489548290540094
null	0.32824859127051986274 0.18767779290945743598 0.13404588756551513717 0.17835518476633283047 0.17167254348817484466
null	0.32875035194411489359 0.19268731521339479973 0.12040311567537552440 0.18348317415984791157 0.17467604300726669031
null	0.24587562504502949445 0.19822966906832342748 0.15054188785605082668 0.22140875203270724003 0.18394406599788887258
null	0.25137754949324014886 0.19422421216175264624 0.13862894099786074453 0.20491469374398282866 0.21085460360316357620
null	0.29980337575340504364 0.19012261178853401278 0.13178269824196034432 0.19530843645509768369 0.18298287776100297108
null	0.25601110842738417084 0.19541721448056978416 0.14510643819268448373 0.19323905728208096155 0.21022618161728062747
null	0.30553198634139938639 0.19115843564410694988 0.13845389420141163139 0.18272899332815653595 0.18212669048492535762
null	0.25174475200419293985 0.20697038139240778176 0.12290112614036066696 0.22645278273479693687 0.19193095772824173006
null	0.26036220944362736818 0.21963207968559428362 0.14315194918371115795 0.18699784854115264476 0.18985591314591426793
null	0.29520696885993941150 0.19309073863971393248 0.13611963770787915973 0.20049783225375555906 0.17508482253871199275
null	0.33772989356927046734 0.19184869412705693459 0.13216887433981003297 0.18076036325890276757 0.15749217470495996407
null	0.27864035656787594641 0.22070990388104422264 0.14308896686002600673 0.15073064183807463601 0.20683013085297904943
null	0.38040894632433108757 0.16769519573890509512 0.09618787009118573428 0.14772062794830817523 0.20798735989726976903
null	0.42180016649864815470 0.15957827534864987840 0.08997721467122674066 0.13810439919717273916 0.19053994428430257035
null	0.24932386901003469881 0.19548895847668082415 0.14487067175574830369 0.18201881135986797133 0.22829768939766809099
null	0.25805318437113095031 0.22370142245671453818 0.14443119943440269060 0.16373422409171203840 0.21007996964603978252
null	0.38614146154568118607 0.17513454949684512107 0.11060840939254229509 0.14357217951443770887 0.18454340005049374440
null	0.41334443061504932970 0.15181442586327481559 0.11008595384122242533 0.14701462283370569928 0.17774056684674785500
null	0.38010846693887723191 0.16466883660651371324 0.11476572716380870065 0.16047128339053687296 0.17998568590026339797
null	0.34136843063502819717 0.14880746849620196670 0.14697789043652095820 0.16584977449394217031 0.19699643593830673538
null	0.30899805798897633791 0.15951047003142271308 0.15335553347755292997 0.17983695182279943459 0.19829898667924852895
null	0.33095875489690679272 0.15287756754918596647 0.14342255549499507983 0.18301868940804297270 0.18972243265086916053
null	0.38659596814844504609 0.18007110660678443681 0.10815910541747497664 0.15111558930579224724 0.17405823052150312669
advise	0.21406700008947568414 0.20012852059896460433 0.12305137615927135009 0.25527117773912816334 0.20748192541316035076
null	0.26282779162473446366 0.19937455336540091388 0.12380841905147167703 0.17753402478799482078 0.23645521117039819403
advise	0.24102873992742396281 0.14467531481137291260 0.12200196226411329226 0.25984029404569930488 0.23245368895139051357
null	0.28337683944031416550 0.17866465422541424890 0.10872458102330934127 0.24458297549444496521 0.18465094981651761219
null	0.34363007414940838213 0.16854281876358495618 0.16300710535039178439 0.15961738147223503148 0.16520262026437962377
null	0.24450798200726647780 0.21880128647246785412 0.18797705374259601752 0.17457578672008136622 0.17413789105758828435
null	0.29090053902772783356 0.20326929963932111045 0.16667198877620031938 0.14571681125864061057 0.19344136129811012603
null	0.29840734709274496783 0.20113885055822167125 0.14353475952971450624 0.15948605908403326592 0.19743298373528544998
null	0.30346526127449485744 0.15834796610913179360 0.17516790633367909646 0.20013167928762243264 0.16288718699507173659
null	0.26843286797996102067 0.19249885645199782402 0.16610586021991466388 0.17066454882384787806 0.20229786652427855786
null	0.28516591113424455406 0.17122658101918972195 0.17678166391087088427 0.17792954809597988364 0.18889629583971495608
null	0.28529871692344360712 0.17080573004808452531 0.17667720458850980081 0.17958342766961954418 0.18763492077034241157
null	0.27272131778114394596 0.17281578703021951982 0.17739397801245063158 0.19153742107463891942 0.18553149610154681670
null	0.23870057164118219095 0.20273508581674404283 0.15321727594371623016 0.19932931366593467648 0.20601775293242283182
null	0.25430221680131154249 0.18084508757745662577 0.16352899559056857659 0.20840623128325053148 0.19291746874741252937
null	0.25436309941522144973 0.18035978935609561780 0.16339539907475236769 0.21029581649287407141 0.19158589566105657664
null	0.24177207855621851706 0.18201278330839235076 0.16323857865065635742 0.22414219792511536067 0.18883436155961749736
null	0.31699147209520139867 0.15320203305100624225 0.17225213923476112576 0.18665609653147649527 0.17089825908755473804
null	0.31705463272681522202 0.15279255723288107105 0.17210766891599074691 0.18831213407718411235 0.16973300704712884768
null	0.30410045136953262057 0.15438516278880629051 0.17285877034332935986 0.20095088009835038179 0.16770473539998140278
null	0.40171549176163084960 0.13796259017293838189 0.14227752250414818502 0.16927496434292021998 0.14876943121836258555
null	0.38869563966474640626 0.13978759620420552756 0.14307148696778379526 0.18112310428735128864 0.14732217287591312105
null	0.39178587854508062360 0.14662740413336264322 0.13305520230243947366 0.18560164469960027667 0.14292987031951698285
null	0.34740778507194519653 0.19301984199714053436 0.14264645908577813782 0.17042002584890214578 0.14650588799623387448
null	0.29393120193224625547 0.22106569857609184582 0.17039803717505147551 0.11403241681738382485 0.20057264549922657060
effect	0.21496377335775485040 0.23457156734622097716 0.19615190479950134206 0.12964862288657527656 0.22466413160994772036
effect	0.21184551116345404220 0.24052255067520775245 0.19708643304666767504 0.13310047825753335005 0.21744502685713745782
effect	0.16666175961838583519 0.25090478394262433204 0.20605300344256263778 0.17229059957551640103 0.20408985342091065518
effect	0.19217175380326548262 0.23746103716610827972 0.20561719099144304401 0.19586665411324399866 0.16888336392593919499
null	0.27115154739802821426 0.22072394018498550650 0.16233326525209071378 0.12777772205451567999 0.21801352511037963566
null	0.27524310413852565160 0.22101458928420433803 0.16942968253231499576 0.13597839341607553809 0.19833423062887955979
effect	0.21952325640196934664 0.23373377664921665686 0.17958047226579026967 0.17844289670389631985 0.18871959797912743473
null	0.24998452062557219300 0.21846601405486296144 0.17697771035865358935 0.20034438590003258995 0.15422736906087866626
null	0.29214000408534168685 0.21447235479478984899 0.15902060023582595405 0.12374245033036930519 0.21062459055367324656
effect	0.20380149349029180739 0.23854124186756939241 0.17915632077013343704 0.16104736826229815172 0.21745357560970715594
null	0.23439613811097809171 0.22518341089739646321 0.17832084215730648058 0.18261735715518934153 0.17948225167912967848
null	0.29745953005223474408 0.21522797574214169725 0.13843092005995003002 0.15172122185474057332 0.19716035229093289982
null	0.33611452470489033839 0.19961259539067380264 0.13536904964038837251 0.16902504324945502590 0.15987878701459257158
null	0.28201249660641963812 0.22290952257255447488 0.16610088122566402102 0.15313405187292336573 0.17584304772243866677
mechanism	0.22813916913564211142 0.22063799360581126674 0.11793089355659013007 0.17374925545989125530 0.25954268824206505606
mechanism	0.21190719446281375271 0.24828319442568680397 0.11199572407841831834 0.16983317477189840972 0.25798071226118263199
mechanism	0.20164731689125528491 0.23697301581366231327 0.15285575821916963513 0.17126172815478138411 0.23726218092113143809
int	0.18981489650566063521 0.14817353801332935892 0.28685127171398816515 0.16180710961412689275 0.21335318415289505900
int	0.17960043251658927566 0.15303227476285394260 0.29000106904270045449 0.16925275872266634658 0.20811346495519006394
null	0.36195815809216846937 0.14890480814676704258 0.16429768828501220557 0.16426556331278122092 0.16057378216327114484
null	0.22391307179644470704 0.20779408877231078656 0.14457669537040654384 0.20092034643343847922 0.22279579762739959437
null	0.22372903237293273460 0.19849852082184799018 0.15135920039103978318 0.20711214135416697313 0.21930110506001257442
null	0.27625395608314629037 0.18852730216528273965 0.14138050879460939413 0.17775668199749136700 0.21608155095947018109
mechanism	0.20023819239108247829 0.23621232478918273821 0.15232781982291083920 0.17126123247467536576 0.23890864562565425456
null	0.29830681838170025610 0.16338043098192864266 0.12417716690532021317 0.15955672677660359682 0.25457885695444754104
null	0.31488496283543654375 0.15973656226572199857 0.11943907522602917326 0.16839766218453924851 0.23754173748827286938
null	0.31403796803904282520 0.16407792766541834384 0.12233004786051647483 0.16602119485284211331 0.23353286158218025670
null	0.33059912336895208584 0.15998720672341559812 0.11734609127028876319 0.17474923060064970204 0.21731834803669367040
null	0.29592771659773609016 0.16714253386087657427 0.11687132235354631693 0.19662900300362620709 0.22342942418421479767
null	0.29499959225895244774 0.15852920982047793985 0.15176488599674736735 0.17914538724317530249 0.21556092468064680379
null	0.31570128760746851704 0.16849232106111888818 0.12429489458672073054 0.16945087710368422762 0.22206061964100776152
null	0.35116970852619067145 0.15553224191774256413 0.12278701768542114869 0.17338327377898432591 0.19712775809166122043
null	0.31863245600266754121 0.17696564854531460220 0.12432674317129879804 0.16278124253989600945 0.21729390974082321564
null	0.35440977479148821905 0.16334441041586100773 0.12281140625769516872 0.16654926612830256438 0.19288514240665327604
null	0.26200518526111715722 0.21141217937258172110 0.14813274235888632124 0.17201909314888033653 0.20643079985853424185
null	0.24187498276300370414 0.20965554698569896508 0.17728210205284808398 0.17361027652537711075 0.19757709167307191400
advise	0.18089031257775059491 0.19750728315085105957 0.09679628246086914578 0.35938292640382640819 0.16542319540670274991
null	0.30290657575898666254 0.18723006835449665375 0.14974381151757346076 0.14901031913894779990 0.21110922522999542306
null	0.23334546249401441620 0.19048308652250947604 0.18995005819729590679 0.16691787956537490478 0.21930351322080535170
null	0.23226275513365882142 0.19198505925824552176 0.20182573552319219012 0.17608983319912566157 0.19783661688577769411
null	0.25949839000755403617 0.18824332529760781640 0.17437953320954757697 0.17444214393699053467 0.20343660754830003579
null	0.30541064481622925975 0.19122726519668500900 0.14514260566738779179 0.16376440532690292318 0.19445507899279498853
null	0.30227987806125244941 0.19385913024057202514 0.13094786473595820819 0.16055406850088760340 0.21235905846132985264
null	0.33597059349284580376 0.18708606424864593354 0.11838074561606849733 0.15401405744026450129 0.20454853920217527796
null	0.28799611906792632610 0.22111203077376681558 0.11232562279213369194 0.17742371213206140079 0.20114251523411164069
null	0.28392745878910768953 0.22426421833268714301 0.12247016361568410781 0.18295351514754770728 0.18638464411497329687
null	0.29950606639341237347 0.20593815663275680250 0.12386334094268862394 0.20150711087230360752 0.16918532515883852319
null	0.26684729421338287958 0.19838322104225680764 0.12582567232599856100 0.18954989691022872123 0.21939391550813305831
null	0.26644200583381433267 0.21399001232015293916 0.15084528553536405426 0.18700582792703296375 0.18171686838363559913
null	0.25369676842665245253 0.22642404197031368307 0.23106373486247960836 0.12792965913493084540 0.16088579560562327186
null	0.29032155894248162786 0.20125209653462536319 0.14719055222038768260 0.15009855836330998624 0.21113723393919531235
null	0.25663050321444180746 0.21459280204180344875 0.13136757568013404662 0.16681795913803124098 0.23059115992558956720
null	0.28639904592823040019 0.16726941890555449555 0.13286642495002534692 0.15267835854703176723 0.26078675166915787909
null	0.30766050231171454543 0.15493979229227111682 0.13767190113311453259 0.15722662453858057829 0.24250117972431936564
null	0.31612729416608176258 0.14934719007401517366 0.13450406965624264743 0.15891900654667645565 0.24110243955698401619
null	0.34308972019575911805 0.13809355617574872732 0.12618008808324127079 0.15577242717275596728 0.23686420837249483329
null	0.29264838920425945146 0.15813654884165628811 0.15108560800950923686 0.16766086267731775128 0.23046859126725749434
null	0.30089927401460248024 0.15252853381326497706 0.14770594121582153457 0.16957670788810702556 0.22928954306820409359
null	0.32733505644870153350 0.14136865336824369632 0.13889257623107509332 0.16661212859820556664 0.22579158535377399919
null	0.29362204556350512963 0.16214937870741139014 0.15376902533935402073 0.17337772577138862995 0.21708182461834074628
null	0.31566470036343957650 0.15213478343571892881 0.14118886747113573721 0.16826083850425854749 0.22275081022544729326
null	0.31687445533239361195 0.16508241413873758763 0.12908943970676572954 0.16819222580539591738 0.22076146501670726452
effect	0.19483429123728192837 0.23849595831478321122 0.20637382911132388819 0.19232445113471910021 0.16888336278988992821
effect	0.22236759635478223207 0.23371894050150224253 0.15896201332091758340 0.16251783858896395873 0.22243361123383401101
effect	0.22434881758393399043 0.23454779024498889628 0.15922688384443281495 0.15608288428363578659 0.22579362404300867828
effect	0.22237500522045239304 0.23444318549795981066 0.15826249417892665483 0.15545623367752159361 0.22946308142513954786
effect	0.22235175688991445919 0.23519329400026858790 0.15759193658174786012 0.15492700228808856111 0.22993601023998080923
mechanism	0.22541872171665397473 0.22175074788047680063 0.15678010937627498422 0.15673842546078270432 0.23931199556581148058
effect	0.23820800225802940542 0.24123054775027835683 0.14713044983381709518 0.16790849432816784548 0.20552250582970735260
effect	0.23624594037316093420 0.24122656630036690140 0.14631555191670436722 0.16731595292783485451 0.20889598848193305369
effect	0.23622442187873940456 0.24198865428758964402 0.14570738713128500441 0.16675755489656188257 0.20932198180582403668
null	0.23962929329462825945 0.22856684653749864689 0.14508999139234995956 0.16881624175034259938 0.21789762702518064574
null	0.30257857818483996359 0.23223031869441645991 0.12337630960111503620 0.14680816965821261166 0.19500662386141581761
null	0.30252046231709350810 0.23294045787820047422 0.12285108411335540768 0.14630343695239286794 0.19538455873895768655
null	0.30665681264297245390 0.21985983953878990294 0.12224120650109229769 0.14800145585242974189 0.20324068546471563135
null	0.30647014447951176352 0.23545315159726024068 0.11422907623836356383 0.14942698726172698453 0.19442064042313761396
null	0.31067503743376939651 0.22224183493060165051 0.11366732075323766893 0.15116833282262018279 0.20224747405977125392
null	0.30873628498580163448 0.22976971424476394512 0.10577181471546709401 0.15607514309145784082 0.19964704296250951332
null	0.43001793131171012208 0.14898581328062260321 0.09760285063914439507 0.16917249133666734107 0.15422091343185564960
mechanism	0.19873226772982879873 0.22639847310857766360 0.13240183765495125434 0.09756204586745932661 0.34490537563918305386
null	0.32907328868302704317 0.16305985027827479827 0.14192751710446216418 0.19457190090895032375 0.17136744302528583717
null	0.36475077728866683868 0.15251910774800928050 0.12534326986517727032 0.19884158688987380037 0.15854525820827269911
null	0.36487779904707529077 0.15643927622966569135 0.12642347641047738116 0.20459651981350809868 0.14766292849927367681
null	0.37328476184059145027 0.15252329640277551004 0.12412343419856547433 0.20550408404179754118 0.14456442351627005194
null	0.36485015174815432770 0.15636085062525920120 0.12643524415842821718 0.20465009431394282080 0.14770365915421554415
null	0.37325629276566685277 0.15244675848007224750 0.12413492640495454866 0.20555779443703856013 0.14460422791226759665
null	0.46520512370751909703 0.13822816458131653716 0.11239803753508186002 0.17180522138959727907 0.11236345278648524060
effect	0.23970753298855609903 0.27644452519336998320 0.16775477365803603824 0.14043345175587981788 0.17565971640415795063
effect	0.23821261172161492525 0.28660532931288484892 0.17213392849433689635 0.12999878004660589403 0.17304935042455729666
effect	0.25210741316938545253 0.29146029453573241152 0.15768284179668728973 0.12359313716967817998 0.17515631332851652746
null	0.33006021951178871054 0.24831197951297254156 0.12416033020307304380 0.13076371342736833880 0.16670375734479725427
null	0.34870495338488527448 0.24930914965454925580 0.11180805582898452333 0.12317241612935991846 0.16700542500222081976
effect	0.23365445470644066739 0.28165481409678227998 0.14148632294133420273 0.13373238154725500260 0.20947202670818754200
mechanism	0.22892454881924526044 0.20193267016887678222 0.14469514353968532250 0.19043087196674940431 0.23401676550544336930
null	0.35172731305628773812 0.15086733298019652794 0.12482761594210911582 0.19238147148467973913 0.18019626653672693450
effect	0.22748416742532967527 0.23594462283676767567 0.13989673091632612301 0.17213784761719264083 0.22453663120438385747
effect	0.22136045315718258508 0.23073813824572880771 0.14864324449239343928 0.17609422374410016454 0.22316394036059505890
effect	0.22508909445423047613 0.22787192267019837355 0.14839666272587620499 0.17491682366794561454 0.22372549648174946957
null	0.22949817362313221225 0.21842770097094851844 0.14721632808707577067 0.17608851987981941067 0.22876927743902403245
null	0.32895397435258849628 0.18850758865632055716 0.13876387022159736295 0.17104551882727025980 0.17272904794222321279
null	0.33369598657442139933 0.18577175341282756160 0.13822639454428434225 0.16953297616459048203 0.17277288930387629806
null	0.34037560631129376576 0.17725327796530457314 0.13662784287511978154 0.17008473448161881558 0.17565853836666320276
null	0.38850696384977356779 0.17569515572488594857 0.11575069406662286120 0.16655787183749706792 0.15348931452122072105
null	0.39631951831916367723 0.16720506186296552054 0.11401876338714375669 0.16680710943128848611 0.15564954699943850391
null	0.39518129331942586369 0.17016496250981921756 0.10789626995849771474 0.17131946814607865170 0.15543800606617855231
null	0.28859677374188125176 0.20116111976741921086 0.12850424462052034702 0.17494234598709709760 0.20679551588308187071
effect	0.20953081476522680826 0.26917219009012938180 0.17692589268249817036 0.17354838671774003300 0.17082271574440566209
null	0.24243350084516482323 0.18912878892624110372 0.16818399937895717189 0.20013417331958680001 0.20011953753005018442
null	0.27880405522077505998 0.23778679559079834993 0.09509707167033894237 0.17115587058964645828 0.21715620692844123107
null	0.29762577242059046201 0.21994754438316785339 0.10117950357517836724 0.17787796256917440263 0.20336921705188895637
null	0.31381704172792718177 0.17778718915187821659 0.12273225729321333988 0.19195174817085650099 0.19371176365612488568
null	0.21438299960333681571 0.21190920804412641254 0.16243266915186271859 0.20546166427268391930 0.20581345892799005060
effect	0.22695938459920150798 0.22728301982257584357 0.15138661668020786388 0.22418550366398798390 0.17018547523402682842
null	0.36027499594426792839 0.18490542876044502307 0.11186281859922413140 0.20631874344481007655 0.13663801325125296549
null	0.35241188486383534517 0.19827487372992150250 0.09894237346756476481 0.19934633029167442286 0.15102453764700404792
effect	0.22709418226538619079 0.23604678669451384376 0.13582899535555928439 0.20695011133743215770 0.19407992434710868990
effect	0.23422204715764130545 0.26264671882093637567 0.14479603015918016129 0.16309992251008073594 0.19523528135216147716
effect	0.20089434552012988555 0.24845056880514423958 0.14492029452049945415 0.20888436151581274425 0.19685042963841362096
advise	0.20584597020303607717 0.22294104522585317385 0.14773567058768560800 0.23348727909630592747 0.18999003488711915799
null	0.26889956759940714104 0.19875344525344021407 0.13755156765444404021 0.19804600934829072467 0.19674941014441785225
mechanism	0.22561104741754153813 0.18724837909422709092 0.17617595997233426175 0.15189185071536873139 0.25907276280052848882
mechanism	0.18216822701246934701 0.18188764155014428003 0.14489431616731823782 0.11595740847142579910 0.37509240679864247481
mechanism	0.24141779279184338858 0.16702259390316351317 0.11625270782455969509 0.11659279835030184058 0.35871410713013168747
advise	0.22064927090580216396 0.19260775561274426360 0.20099043032120217367 0.22545199976681429277 0.16030054339343721703
advise	0.22389283920938037483 0.19778563123432343455 0.18854345319410349988 0.22993834893291028378 0.17891203829102839021
advise	0.21014570379797842259 0.19779595410849640236 0.19422004651598404057 0.23583170684778143045 0.16200658872975989833
null	0.32249322324870594025 0.16505621923267951856 0.14713754352774022216 0.21913627700547799737 0.14617673698539626614
null	0.26195207935021463941 0.18036612937029622428 0.16794932106623630674 0.23722180580986829135 0.15251066440338448271
null	0.31167737393027850068 0.18054656765501911342 0.15782910989207613039 0.21115250447606132012 0.13879444404656496315
null	0.28630096687395867328 0.20090586478083202748 0.15529606416396776747 0.17701887843560637492 0.18047822574563507358
null	0.24242665183767128645 0.22050219211462823710 0.12351913010280558824 0.21497400656786602724 0.19857801937702887485
null	0.33627821382398192389 0.18232443421243453431 0.13810297300922815636 0.17832874388373648172 0.18277728827188772889
null	0.31232347928880266282 0.17839398899839201101 0.16553442344689046467 0.16953296766567887677 0.17566567953341001237
effect	0.22413249723565992211 0.23934668855894997153 0.15871582501632786055 0.20198146845620415513 0.17582352073285784089
null	0.32460319509993851295 0.24326017452572287758 0.10838391562067752061 0.17610839203609907067 0.14764432271756192105
effect	0.24004065414191852468 0.24138037622861441278 0.12911753526303684780 0.17759996068705866112 0.21186147367937160912
null	0.24969711159042445869 0.23809426819219561833 0.13987029002178039128 0.20178712535005277617 0.17055120484554686655
effect	0.20736121005847010790 0.24892680135326875068 0.13581171373695211102 0.21091326353442552133 0.19698701131688339805
null	0.28374060807694967412 0.21850715776937232326 0.13852341707527393577 0.18566744075798338742 0.17356137632042059615
null	0.23726661714836491668 0.23003267478345976182 0.13543661580215846096 0.19541024655382122077 0.20185384571219555649
effect	0.24852444396303396967 0.26149411194190907981 0.14302238103087228094 0.15798235251177544791 0.18897671055240908289
null	0.24097554205071350375 0.21037661621326242400 0.13736273086166320145 0.21727797516350630391 0.19400713571085440035
null	0.29171861120823655567 0.27671172073433408789 0.14381418451407532166 0.12661224281270061498 0.16114324073065311449
null	0.29895734379175892270 0.26050081865710139617 0.15329894434038848772 0.14021191952166653372 0.14703097368908454867
effect	0.22674709835310979944 0.27846002249486195845 0.16731966035837042561 0.16271043950759497831 0.16476277928606281042
effect	0.21203933447170103532 0.26674542899463099532 0.17968007808826277905 0.18132945946742570764 0.16020569897797945491
null	0.36781282685118044107 0.22746067073557282856 0.13576470889309383283 0.13504097928168881659 0.13392081423846402544
null	0.28551629298725911266 0.24884653090633998551 0.15165831161557838391 0.16038641344985649084 0.15359245104096588830
null	0.26798272672136885797 0.23925825671222850088 0.16346334480585006377 0.17939970963077406241 0.14989596212977862599
null	0.28645053070514581162 0.25987005151694830829 0.15968779546296188454 0.14124007438409122428 0.15275154793085288230
null	0.26942716932692539755 0.25038449251925837258 0.17248119067559861128 0.15831714491918955079 0.14939000255902798453
null	0.27170184207772229978 0.25425933417571927597 0.16127501668690391590 0.15391224575410844544 0.15885156130554595189
null	0.24451739872037114853 0.19557859235633118233 0.17330544643987508269 0.19174689527307192671 0.19485166721035040993
null	0.26802753805629653261 0.19465520621857429484 0.18294108911101664150 0.17434915416641752484 0.18002701244769492295
null	0.29827907799039776737 0.15357590189533076863 0.14296742981914928317 0.16589301102423581469 0.23928457927088633839
null	0.33724377314643111392 0.14030449431739408506 0.13593441352271290468 0.17786617415968478118 0.20865114485377711517
null	0.28866203475725005223 0.19600937892781106209 0.13263477726760802833 0.16885832521884097668 0.21383548382848976965
null	0.31056914982695976724 0.18713206520394984333 0.14462072284171603731 0.13997266376077163730 0.21770539836660274258
null	0.28437034874359501391 0.20458751658464882639 0.14387991868215332936 0.17624702737649383666 0.19091518861310877164
null	0.25048671751102191685 0.22431411403228626589 0.16974858790654501206 0.18134127044304790277 0.17410931010709895794
advise	0.23028943216977346142 0.20940793057824513834 0.14420385983258440787 0.23300468855608644225 0.18309408886331066113
null	0.27557541862659862275 0.18538288511792630486 0.13356210249732944351 0.22915778468902583964 0.17632180906911987250
null	0.25059180833405220179 0.18547202292467734885 0.14120362974850531046 0.21972246477552112576 0.20301007421724392987
null	0.29029576035475085360 0.20543737757296617885 0.12188503667113782802 0.17054601871839578098 0.21183580668274951120
null	0.28367306199569070069 0.18020911201677630720 0.14509785483343881629 0.21082140009010577608 0.18019857106398848301
null	0.28417046967170700444 0.18544489437717182057 0.12052917442215659027 0.20716982030652791869 0.20268564122243654113
null	0.32142416937927209553 0.16877975021830221580 0.11959853421843784360 0.21618545751612500139 0.17401208866786288532
mechanism	0.23374008460582179625 0.18868373430002302604 0.11915372301733985483 0.20212403562289663062 0.25629842245391865063
null	0.23046521097297556491 0.17023091036164619827 0.22418545239319179196 0.19356086335368818951 0.18155756291849836637
null	0.23649448894254432307 0.22369217377310235406 0.13329891338444935234 0.17824565551487459025 0.22826876838502943579
null	0.29298784699108504359 0.18700525445873045216 0.11483260426547629851 0.20901401765364385765 0.19616027663106433421
null	0.29759124824081240046 0.18467816977445619675 0.11430257032589911936 0.20759482480658847381 0.19583318685224371247
null	0.27086153404273066725 0.18879661500743327718 0.11675166795550051546 0.21078451504643933023 0.21280566794789618212
null	0.28999318582373939668 0.19080676113245886860 0.11492865491412715406 0.21448521131918685256 0.18978618681048789463
null	0.32382227120649520469 0.18305309575116238130 0.10864311913995518266 0.20493756300273485715 0.17954395089965224930
null	0.29557080784235556514 0.18973412653917154369 0.10539999862413468312 0.21157392151315615458 0.19772114548118191468
null	0.31566176531960654650 0.18919205917785064663 0.10927534379339789994 0.21181173926377322436 0.17405909244537162706
null	0.29465588645437396087 0.19209044660004873095 0.09928073038990439803 0.21775012454658715377 0.19622281200908575638
null	0.31472893683062341807 0.19153887080533379961 0.10300426006805656065 0.21795572818887903876 0.17277220410710722454
null	0.28321752228239771565 0.18812646164130628068 0.10197070487146615847 0.22778940018690374547 0.19889591101792639116
null	0.27360753419926736596 0.22696828218726361470 0.16582121482809472623 0.13542295229764900188 0.19818001648772556877
null	0.24829618502834216454 0.23530710197228490999 0.16986940763823971112 0.14354435751483443640 0.20298294784629861143
null	0.30563604988880443969 0.21843724392179611482 0.15433924237770454968 0.13640398321932742376 0.18518348059236749981
null	0.26573952671460743247 0.19940141682791145961 0.12415980034712546798 0.23512054181297151190 0.17557871429738400315
null	0.25900934674457343210 0.16703045877806799169 0.24890423305313252866 0.16561103350084868668 0.15944492792337719433
null	0.27375148177826286178 0.18499778577372402721 0.22764631548409502981 0.15981128441348305125 0.15379313255043519648
null	0.33257244326186191641 0.23744472542503639034 0.11459359332756804961 0.15640052391685957400 0.15898871406867406963
mechanism	0.22254300917837965823 0.18302730065710803853 0.14192889204097161593 0.15618399885014441764 0.29631679927339632519
mechanism	0.24672202422896802321 0.19923758257003387762 0.11385214577080554621 0.16033392274233668195 0.27985432468785592652
null	0.29502540471612337392 0.18254334871812405439 0.10549060428077580709 0.14824003064115159889 0.26870061164382497143
null	0.27806728467079006029 0.22621825112312024531 0.17678106713833560693 0.12939424019857470594 0.18953915686917960359
null	0.28758974639596956990 0.20235472321863332001 0.12382589800569143712 0.21036531747709291684 0.17586431490261247856
null	0.25700791293984820429 0.18290310480204760579 0.14398094844022657490 0.23400289745307747968 0.18210513636479991328
advise	0.23163399031921216853 0.19161517753368811912 0.14743365084313367341 0.24775732165585831468 0.18155985964810761324
null	0.28854405422913714796 0.17890770936311164996 0.13591563698472836075 0.24686728709162492068 0.14976531233139817045
null	0.29644024177946537435 0.16934968220949514484 0.17764481966291836845 0.20827097412922335185 0.14829428221889776052
effect	0.20178540792764362855 0.23802329566177515829 0.15274327741491669497 0.18751128578925926882 0.21993673320640502733
null	0.24600375885046210644 0.22652288053332392259 0.14727153979951260188 0.18413621403342009253 0.19606560678328149860
null	0.24384121873140365833 0.23731320863199334426 0.15112078759678002071 0.17797965464007969860 0.18974513039974302830
null	0.22049761242640472658 0.21503222797135695954 0.15911503161515530569 0.20140791898039536734 0.20394720900668744656
null	0.25833495044803606033 0.20337133609814286861 0.15570531723621167108 0.19782506300722846326 0.18476333321038079793
null	0.25664300416049018461 0.21184901511696363485 0.15934160845744513302 0.19233754315614989827 0.17982882910895112150
effect	0.22925223740752076473 0.23160194179300697126 0.15523005179806897980 0.19860284736540506634 0.18531292163599835665
null	0.27049914099090743846 0.20869066980415526547 0.13043995595842003410 0.22636201803880146022 0.16400821520771582951
effect	0.21351776501697264377 0.23454737532744976414 0.18300627852449555255 0.19585175749051356164 0.17307682364056856117
null	0.22711272951803584963 0.20661443659825379227 0.16912349918437102891 0.19620871463091107967 0.20094062006842822177
int	0.22826204766846375227 0.16239255552572082197 0.25455801211368256354 0.19196782302979606416 0.16281956166233699235
null	0.27521380251431321051 0.20859794285113511525 0.12579922408930349631 0.14774554169437853490 0.24264348885086955976
null	0.28626446086489870657 0.20176709944048909495 0.12192318510621363847 0.15204861902772531801 0.23799663556067296444
null	0.30657512898880295849 0.17262431037228523345 0.13673586362234552150 0.17175347255621709053 0.21231122446034916829
mechanism	0.27044538573919191249 0.18788975515801595306 0.10461307785587137253 0.12928663855116195869 0.30776514269575883098
null	0.28112049986769660492 0.21741272565381578041 0.13110854352870582318 0.14636833285125555593 0.22398989809852609678
null	0.28184840581247561087 0.18794084160870599964 0.12244630033937106695 0.18907831881292097576 0.21868613342652643006
null	0.35477415295727698918 0.13623077698094501753 0.11344851895132698760 0.19881996921888622776 0.19672658189156472242
null	0.40317915187402553201 0.18110716210300281670 0.09364226371822922945 0.17772742575843733515 0.14434399654630508669
null	0.36321990109543200731 0.17319669046742219853 0.10096607513604397011 0.19809753841058086454 0.16451979489052084848
null	0.29569715457368123124 0.18816945442733565286 0.12641405000332381348 0.14576072329774822367 0.24395861769791113427
null	0.29415280442383689996 0.19268637555251935667 0.13371087524390626311 0.14699730587954343286 0.23245263890019399189
null	0.32890357321284252601 0.15684811972650442025 0.12403996750187985809 0.16912211210205438383 0.22108622745671879795
null	0.27883225533469341295 0.15610284530017060067 0.13590737023903198821 0.18265906702611145462 0.24649846209999259905
null	0.32032423208945137727 0.13837404604412986697 0.12344319476376161560 0.17363714388933490507 0.24422138321332198529
null	0.28823591674727838674 0.13660243461288321121 0.12902554567817831055 0.18939125030636846936 0.25674485265529184419
null	0.29056133004455658719 0.14935741080852879548 0.13549014730252811889 0.18763769568606000759 0.23695341615832646309
mechanism	0.21670382133064294838 0.19859383449619130713 0.12995332258136446657 0.21686012712483831999 0.23788889446696309671
advise	0.22550805379365337910 0.19610417432103566249 0.12943805971445201952 0.25422912435542793785 0.19472058781543072348
null	0.24296736396155557691 0.20123493898197833407 0.14763682935368047100 0.22370106706939557606 0.18445980063339001420
mechanism	0.23286195891785541057 0.12845426317158914475 0.14067042511925906267 0.15441003398274127933 0.34360331880855510267
mechanism	0.29957824464248289376 0.13528650300589512012 0.09293826037322612532 0.14651049893459502926 0.32568649304380087317
null	0.31415654029845452300 0.20068326025508542720 0.09669312058146313504 0.14226653362474797615 0.24620054524024903575
null	0.32885882952686351643 0.18413909254201984989 0.11732762685357513155 0.15741920910148218815 0.21225524197605924459
effect	0.21968790603750351642 0.21978471685660827539 0.14932322759556085345 0.21193302689505250092 0.19927112261527493708
null	0.25146078971877117159 0.17968639007996276002 0.23352965726396987534 0.17099465996572674187 0.16432850297156945119
null	0.25227156963012553614 0.22250065229283505497 0.10795570975663396074 0.20924053205154896640 0.20803153626885637073
null	0.27225019283408752324 0.21256421235820394111 0.11377530092628107550 0.21395055345600075269 0.18745974042542687399
advise	0.22004727556402198241 0.20813840234598476875 0.13810275843394081985 0.23677095125333544323 0.19694061240271709678
null	0.28874871720633621397 0.19657016606052349350 0.14989319157612709943 0.19953011389422589672 0.16525781126278735189
effect	0.19251885518744607517 0.22957487736704829118 0.19588039250101232924 0.18624189036620458770 0.19578398457828879997
effect	0.21348704618832639590 0.26498729808119775297 0.14147318320622551124 0.19433586503543992530 0.18571660748881052561
effect	0.16062638674022125529 0.25554782479031601383 0.14731389782248019427 0.23053662078900247212 0.20597526985798014776
null	0.27372906165918098331 0.18820554846152362516 0.10524056911523946289 0.18977377852273744074 0.24305104224131846014
effect	0.22710209298400124700 0.26441439447926284867 0.14571527376020823596 0.15732534472791062652 0.20544289404861693082
effect	0.22408030916188356740 0.28398412582242088531 0.14580597453208316017 0.15539104024722769082 0.19073855023638452977
effect	0.24078784843872547139 0.27122129654552035172 0.13811606897493769464 0.15618543666212733600 0.19368934937868911850
effect	0.21920178260087569422 0.30402128793929544814 0.13494970006014067598 0.15463665674575899356 0.18719057265392927136
effect	0.20638016023351513084 0.26132107609931942704 0.15238557715257622371 0.17027874099365575278 0.20963444552093343787
effect	0.22183003216904870203 0.24964661798456067032 0.14438905670393278879 0.17119714519619896875 0.21293714794625873132
effect	0.20231738924442704830 0.28035560823243710349 0.14134008499436445661 0.16981333382761726325 0.20617358370115387856
null	0.24679832181661351398 0.24327312569226350325 0.14468061687787697744 0.16052098329845440605 0.20472695231479157152
effect	0.22568507540428450753 0.27392108564475875498 0.14200027604957551897 0.15964482650526043428 0.19874873639612072873
effect	0.22803863016022249410 0.25451534509812273610 0.16808879858386319150 0.16511057515698743248 0.18424665100080420133
effect	0.24676052948041224400 0.25713038768284462998 0.14083521178042388011 0.17837134106414151424 0.17690252999217756513
null	0.22917702169081571872 0.18892183738055168263 0.17050200680736557479 0.18257485166619438766 0.22882428245507249742
null	0.23341443269704878483 0.18665060651781401058 0.17006929079372226643 0.18037074360310062504 0.22949492638831425761
null	0.22532872054989941391 0.19318843612397790244 0.17115694403755676856 0.19194199461623562275 0.21838390467233037562
null	0.31910048054875483903 0.16442817296826814366 0.13581391215430185793 0.18080853532911272952 0.19984889899956254089
null	0.30881927948793463923 0.17061454614845153466 0.13702537050390886653 0.19289054433001404099 0.19065025952969094636
null	0.30990192616468331677 0.17507086951589140300 0.12830221510211867186 0.19594094470333128788 0.19078404451397540376
null	0.25260875529942922180 0.20305574468010920142 0.17440323913565403124 0.18685314238915820551 0.18307911849564928453
advise	0.18563048142420218722 0.23065922019176565705 0.14952143756978070188 0.23917156221563820595 0.19501729859861330341
advise	0.17977081304200900891 0.21689047041927764226 0.15497159983757149981 0.26235134571000162662 0.18601577099114016689
null	0.27120780304713837383 0.20331436196736288324 0.15598518232129562899 0.20974204423882397696 0.15975060842537910921
null	0.26476220498829650118 0.26420366564098474171 0.13147054968204105463 0.16183780698450081492 0.17772577270417694306
effect	0.16679117442289462248 0.32096403111445753753 0.13685759205783040726 0.14587983889278990923 0.22950736351202732921
null	0.30612152699990302640 0.19987392674000661885 0.13694702996348198654 0.16258596862983482056 0.19447154766677351989
null	0.27858113033041814743 0.22895809965381527795 0.14096359573876118820 0.18198739668757135668 0.16950977758943372442
null	0.31148183814153285187 0.17949706818649471818 0.14799393948249198183 0.19441001763474682895 0.16661713655473370244
null	0.26994014995330356532 0.22001305844259369526 0.16754720763546998574 0.17026696156703213791 0.17223262240160050474
null	0.24268325691376324560 0.16851315240623587766 0.18312025343738869143 0.20455397107078493457 0.20112936617182741728
null	0.24505666841270457024 0.19694909888201100889 0.15101287798071830193 0.18019202718830967802 0.22678932753625630214
null	0.31391386778324970042 0.16265902783716870705 0.14102555968001007081 0.17093016769248828290 0.21147137700708318331
null	0.23722299842416533222 0.19411252412054408323 0.17447574502827928322 0.17784328670001686712 0.21634544572699446197
null	0.30363795432129092600 0.16114863007689980701 0.16350904318128262060 0.16925869157843020929 0.20244568084209671466
null	0.25491518347895752994 0.19334223233467423553 0.15690668801074342253 0.19341312754266462570 0.20142276863295999201
null	0.26379336768912192701 0.19810425599999831325 0.13581438306426180107 0.18107540666220212078 0.22121258658441569911
