null	0.68197185283994243843 0.15746221424504805442 0.00271274916898151409 0.01471444550550699004 0.14313873824052122941
null	0.60664719032732106196 0.29597848427699863239 0.01103121008007310923 0.02690328355048838063 0.05943983176511891814
null	0.60664719032732106196 0.29597848427699863239 0.01103121008007310923 0.02690328355048838063 0.05943983176511891814
null	0.60664719032732106196 0.29597848427699863239 0.01103121008007310923 0.02690328355048838063 0.05943983176511891814
null	0.60664719032732106196 0.29597848427699863239 0.01103121008007310923 0.02690328355048838063 0.05943983176511891814
null	0.91374050855968325102 0.03940771953993731785 0.00336733471616958071 0.02329585108762762327 0.02018858609658219505
null	0.91374050855968325102 0.03940771953993731785 0.00336733471616958071 0.02329585108762762327 0.02018858609658219505
null	0.91374050855968325102 0.03940771953993731785 0.00336733471616958071 0.02329585108762762327 0.02018858609658219505
null	0.91374050855968325102 0.03940771953993731785 0.00336733471616958071 0.02329585108762762327 0.02018858609658219505
null	0.91374050855968325102 0.03940771953993731785 0.00336733471616958071 0.02329585108762762327 0.02018858609658219505
null	0.91374050855968325102 0.03940771953993731785 0.00336733471616958071 0.02329585108762762327 0.02018858609658219505
null	0.92865669550370277818 0.02470138597741686551 0.00084291389759670024 0.03907206416515929259 0.00672694045612431263
null	0.73037351737620104242 0.14134955445366745308 0.00479724848880154486 0.00282699154291818355 0.12065268813841206752
null	0.79551491816984765126 0.10420975295511199221 0.01122219119293529216 0.02287651974925469442 0.06617661793285016525
null	0.82780014393132328454 0.02497594894583641742 0.03981962881250641906 0.01510598005551630832 0.09229829825481764005
null	0.97411748986299884212 0.01712074581136628290 0.00018948643320483287 0.00540107436956809798 0.00317120352286187797
null	0.95363473637666695826 0.01538794984972632549 0.00019090718440668746 0.01783641426942500496 0.01294999231977498298
null	0.50079255106280218257 0.08930884929312184195 0.00075684512121980765 0.25259860211482809689 0.15654315240802801901
mechanism	0.29716049570249408740 0.21155067530964097311 0.02117543163427764927 0.01788502937954570757 0.45222836797404164511
null	0.69798761165069189705 0.27922734480007177504 0.00043328987436347469 0.00888690393986132400 0.01346484973501123339
null	0.94935007352901268352 0.03014513523334405934 0.00331762581307330946 0.00528554687077261061 0.01190161855379739085
null	0.50609878929453044893 0.32753271204664585747 0.00110912576800826666 0.13007828556354686378 0.03518108732726837190
null	0.94166595610903425229 0.01802364849597373059 0.00165780844375039947 0.01409290707388844571 0.02455967987735314592
null	0.96674814375634066099 0.00492463075719586692 0.00072476146920484109 0.00455548518011861768 0.02304697883714021400
null	0.92101408198274048456 0.02119620709325632096 0.00045800470708939634 0.01422093231139853232 0.04311077390551536909
null	0.90039011826111226000 0.03309984389620539841 0.00214151462398558820 0.03887163840324126679 0.02549688481545541244
null	0.96589374417322593214 0.00584266757650647294 0.00015947591190238947 0.00333911332285388848 0.02476499901551149768
null	0.96559656965851270449 0.00932998360146842197 0.00076251450345538193 0.00933335632946100287 0.01497757590710229424
null	0.78151758815051697304 0.10273999154658663979 0.00339069675684602629 0.07156619512694049889 0.04078552841911002591
null	0.65283190390372314305 0.20844299766689036724 0.00180812768702016393 0.10301903961784268648 0.03389793112452368223
null	0.63259501603817003268 0.06262062530290758711 0.00772153427076829272 0.16709659790069650298 0.12996622648745767559
advise	0.40894873951553234459 0.07736362482863924639 0.00126628883156290335 0.48095664104020846574 0.03146470578405709956
null	0.88574983056461642494 0.04902152905702671787 0.00061519576068503939 0.05292923091429546645 0.01168421370337626407
null	0.95831345942282297745 0.02223675760574241739 0.00072799998249280110 0.00325021328236820180 0.01547156970657362178
null	0.95824191749260978490 0.01805721927462096074 0.00163750553933749050 0.00696680158155469752 0.01509655611187701169
null	0.82457749705177785238 0.06707087944889834896 0.00049741028305737506 0.09882457124867446985 0.00902964196759190388
null	0.96635015715596350727 0.01135888727134132595 0.00087593100739252836 0.00991319144767422757 0.01150183311762817406
null	0.93522953983501555530 0.03375251937381198303 0.00106294939377496976 0.01354213221917963464 0.01641285917821773757
null	0.64946688146077113934 0.26769459280733259865 0.00343171343777489909 0.04641608068112251101 0.03299073161299900109
null	0.88587140693216048781 0.05276573827118041793 0.00703358577151251725 0.00541910608051350204 0.04891016294463326058
null	0.77949732451735298522 0.14255507240904749522 0.00776032172463127830 0.00673071899196340043 0.06345656235700457282
null	0.94591675695038313076 0.01924570183770943008 0.00117480439268236600 0.01430297539016103098 0.01935976142906386741
null	0.89642087372137035928 0.05599890132931182457 0.00139599414703083739 0.01913265740994036374 0.02705157339234660202
null	0.86803033641281435173 0.05616621491571522490 0.00188841508886820495 0.01574903317897295360 0.05816600040362929214
null	0.97803785853628455449 0.00545627481791018283 0.00241274773568988686 0.00927741788790090519 0.00481570102221446847
null	0.97196557304481734363 0.01502857916386190693 0.00296619053625791574 0.00347875917824901721 0.00656089807681389282
null	0.99624000657010025606 0.00173910727764776149 0.00015777577234948312 0.00050636123500012590 0.00135674914490244440
null	0.57894256020683143582 0.08976807855485413601 0.03634321918393629974 0.27872298698719871757 0.01622315506717922698
null	0.84602096211253297042 0.06080487337070877851 0.03634964061469692087 0.01390822535172762248 0.04291629855033373547
null	0.99860171080742754501 0.00063502796803986022 0.00005989618691464284 0.00054141296222804129 0.00016195207538988583
null	0.60385067587262164501 0.05560618277064881265 0.00246480644568660562 0.30263206002431775055 0.03544627488672532495
null	0.97355849697545149279 0.01215300625415033711 0.00013001388417620984 0.01080677976911443607 0.00335170311710757812
null	0.71845681784102477518 0.25538181236769208482 0.00220112375088398621 0.00562497025273556855 0.01833527578766353666
null	0.71845681784102477518 0.25538181236769208482 0.00220112375088398621 0.00562497025273556855 0.01833527578766353666
null	0.89567643579408084964 0.05626725834283333172 0.00065556873212007565 0.02399445060426387208 0.02340628652670184023
null	0.86040062110325599143 0.03673313030813862151 0.00746881315930698203 0.04133164898874751997 0.05406578644055077404
null	0.57467755688727262253 0.12088717331353911189 0.05874568826528411142 0.09382063088033833209 0.15186895065356562085
null	0.78553569345192086892 0.02228857311055921012 0.00187930209436501408 0.02328208231602930944 0.16701434902712561370
null	0.59809690442969376534 0.17013804500997728453 0.00198519909243394070 0.10269679949849114253 0.12708305196940394843
null	0.82503603086823384949 0.05157420710955428617 0.01348463970363196138 0.04917636778013754345 0.06072875453844239074
null	0.82503603086823384949 0.05157420710955428617 0.01348463970363196138 0.04917636778013754345 0.06072875453844239074
null	0.82503603086823384949 0.05157420710955428617 0.01348463970363196138 0.04917636778013754345 0.06072875453844239074
null	0.82503603086823384949 0.05157420710955428617 0.01348463970363196138 0.04917636778013754345 0.06072875453844239074
null	0.82503603086823384949 0.05157420710955428617 0.01348463970363196138 0.04917636778013754345 0.06072875453844239074
null	0.82503603086823384949 0.05157420710955428617 0.01348463970363196138 0.04917636778013754345 0.06072875453844239074
null	0.65878538954222032320 0.12130674344144626309 0.00187928174652682756 0.09883846906940886579 0.11919011620039761390
null	0.66692052608690666204 0.08937196858391499577 0.02108832511564157075 0.07647101630316582854 0.14614816391037110943
null	0.66692052608690666204 0.08937196858391499577 0.02108832511564157075 0.07647101630316582854 0.14614816391037110943
null	0.66692052608690666204 0.08937196858391499577 0.02108832511564157075 0.07647101630316582854 0.14614816391037110943
null	0.66692052608690666204 0.08937196858391499577 0.02108832511564157075 0.07647101630316582854 0.14614816391037110943
null	0.66692052608690666204 0.08937196858391499577 0.02108832511564157075 0.07647101630316582854 0.14614816391037110943
null	0.66692052608690666204 0.08937196858391499577 0.02108832511564157075 0.07647101630316582854 0.14614816391037110943
null	0.62143665862412866829 0.07709394817277943901 0.06211031136725492230 0.14717716446112555362 0.09218191737471147229
null	0.62143665862412866829 0.07709394817277943901 0.06211031136725492230 0.14717716446112555362 0.09218191737471147229
null	0.62143665862412866829 0.07709394817277943901 0.06211031136725492230 0.14717716446112555362 0.09218191737471147229
null	0.62143665862412866829 0.07709394817277943901 0.06211031136725492230 0.14717716446112555362 0.09218191737471147229
null	0.62143665862412866829 0.07709394817277943901 0.06211031136725492230 0.14717716446112555362 0.09218191737471147229
null	0.62143665862412866829 0.07709394817277943901 0.06211031136725492230 0.14717716446112555362 0.09218191737471147229
null	0.63464779692574646575 0.12011059244904356835 0.07458048818946479142 0.07658076807154215460 0.09408035436420306152
null	0.63464779692574646575 0.12011059244904356835 0.07458048818946479142 0.07658076807154215460 0.09408035436420306152
null	0.63464779692574646575 0.12011059244904356835 0.07458048818946479142 0.07658076807154215460 0.09408035436420306152
null	0.63464779692574646575 0.12011059244904356835 0.07458048818946479142 0.07658076807154215460 0.09408035436420306152
null	0.63464779692574646575 0.12011059244904356835 0.07458048818946479142 0.07658076807154215460 0.09408035436420306152
null	0.63464779692574646575 0.12011059244904356835 0.07458048818946479142 0.07658076807154215460 0.09408035436420306152
null	0.63464779692574646575 0.12011059244904356835 0.07458048818946479142 0.07658076807154215460 0.09408035436420306152
null	0.63464779692574646575 0.12011059244904356835 0.07458048818946479142 0.07658076807154215460 0.09408035436420306152
null	0.63464779692574646575 0.12011059244904356835 0.07458048818946479142 0.07658076807154215460 0.09408035436420306152
null	0.63464779692574646575 0.12011059244904356835 0.07458048818946479142 0.07658076807154215460 0.09408035436420306152
null	0.63464779692574646575 0.12011059244904356835 0.07458048818946479142 0.07658076807154215460 0.09408035436420306152
null	0.63464779692574646575 0.12011059244904356835 0.07458048818946479142 0.07658076807154215460 0.09408035436420306152
null	0.63464779692574646575 0.12011059244904356835 0.07458048818946479142 0.07658076807154215460 0.09408035436420306152
null	0.63464779692574646575 0.12011059244904356835 0.07458048818946479142 0.07658076807154215460 0.09408035436420306152
null	0.63464779692574646575 0.12011059244904356835 0.07458048818946479142 0.07658076807154215460 0.09408035436420306152
effect	0.36879941821665107593 0.52291596234739756710 0.00553609850151965711 0.04718762614844758396 0.05556089478598399273
null	0.69389084604056305849 0.04142524463804290319 0.01508063658526120031 0.05822201409769303670 0.19138125863843985508
null	0.92138921559637143588 0.01702666496173012647 0.00046701817099392538 0.00403541176012125937 0.05708168951078311515
int	0.32933671529600611061 0.05132102940146952147 0.52836353260542390231 0.02898486901474198185 0.06199385368235848376
effect	0.40916448667810401130 0.41687958501792121702 0.08621359989011015412 0.03047117751241906411 0.05727115090144551529
effect	0.40916448667810401130 0.41687958501792121702 0.08621359989011015412 0.03047117751241906411 0.05727115090144551529
null	0.97803797043827367386 0.01548206029967484978 0.00097274451959068449 0.00091069086545302047 0.00459653387700765994
null	0.87347768787791391087 0.05910674003656982145 0.00859036699405298608 0.00537623063098827386 0.05344897446047507800
mechanism	0.31174351331090294215 0.29325338346339335782 0.00691870681941177471 0.01876094060546543846 0.36932345580082642789
null	0.53188838057397513914 0.17840973930130865632 0.03547837881594709947 0.00964569622693951453 0.24457780508182958012
null	0.53188838057397513914 0.17840973930130865632 0.03547837881594709947 0.00964569622693951453 0.24457780508182958012
null	0.82321098186529595431 0.06888234553127377258 0.01589269313631012578 0.01219133336066453160 0.07982264610645541103
null	0.82321098186529595431 0.06888234553127377258 0.01589269313631012578 0.01219133336066453160 0.07982264610645541103
null	0.97210074898461962256 0.01397914373616648137 0.00041782538540120447 0.00556746531048752779 0.00793481658332514592
null	0.67868931951679001280 0.27979139157209154121 0.00081507829058799822 0.00913716468211758087 0.03156704593841285628
null	0.77441282826930124550 0.17609382671890042027 0.00749640146760826784 0.01418507622766489694 0.02781186731652513650
null	0.91514674836648124412 0.06881754971608786131 0.00057346976988513292 0.00756019104590402360 0.00790204110164163982
null	0.79234324719042692475 0.10909024220499094482 0.00066067370336801799 0.02222123841874968156 0.07568459848246424093
null	0.83353784059324387279 0.06959018719435361433 0.00504230668227959641 0.02791796549073374129 0.06391170003938906330
null	0.90404775888049626609 0.07965338394091360519 0.00122339354088544941 0.00717403059525372616 0.00790143304245087032
null	0.58029170153341580463 0.25215086917314749604 0.00559360638425393606 0.04114183671245358331 0.12082198619672909756
effect	0.27510972900796437646 0.34923433919672897119 0.00225586650399871389 0.07348568760959368895 0.29991437768171441691
null	0.39346352801132877808 0.20779261558412243094 0.00219600944019068085 0.17996585557384875420 0.21658199139050915427
null	0.62971785934998469880 0.22481830529594912238 0.00115342343335374286 0.05876053801543508481 0.08554987390527721280
null	0.45592991659856152431 0.23533070487488630396 0.00186229652854922397 0.15901179038022614232 0.14786529161777675623
null	0.66601528288974720660 0.23239390399189613357 0.00089278724621268753 0.04738812788532224818 0.05330989798682180675
null	0.84881248139090126337 0.01699203723983399791 0.00045409663089199075 0.09269937205829351101 0.04104201268007927339
null	0.89584540836952286647 0.08557455433746186113 0.00071333076348774685 0.00122269190096693987 0.01664401462856052866
effect	0.39509158553399226221 0.45630518492930483010 0.00075027864217285260 0.02685677041438340462 0.12099618048014669502
null	0.61214682669734454823 0.19709820240348555065 0.00731709694122995372 0.05866777350770459309 0.12477010045023542717
null	0.96694120586622789304 0.02131449625427148109 0.00051422641985962548 0.00727381753294276817 0.00395625392669819720
effect	0.33975613883102340207 0.49424142898888617781 0.00129189048254695895 0.07371300831686782018 0.09099753338067555208
effect	0.15551255549581979865 0.72693366363936162688 0.00161148719341652454 0.03584290630111892223 0.08009938737028290956
null	0.53763234021034167487 0.31829085437161752647 0.00531504292434476378 0.04728401221879522526 0.09147775027490069599
null	0.49444402290485939266 0.33694991799762580298 0.00425990953089366246 0.06436123174527147439 0.09998491782134948103
null	0.84551113439828462504 0.06265353402445307529 0.00103518818269823744 0.01087410108279716209 0.07992604231176686502
null	0.95539454292465653129 0.00896640703359852242 0.00111594482271546130 0.00468865165681644699 0.02983445356221321731
null	0.94679296070710250444 0.01022822240057390773 0.00096377762398421410 0.00687699188525258808 0.03513804738308647785
null	0.97858385438980710624 0.00967870029024366432 0.00073318581545750645 0.00373362735439587614 0.00727063215009586018
null	0.97417011792081786847 0.01109080956002549134 0.00063608135461557891 0.00550105525488945712 0.00860193590965149628
null	0.97380785527451185768 0.00879948872681281767 0.00302162672680248096 0.00191903334541401499 0.01245199592645901063
null	0.76228361805683586550 0.13059325135720842304 0.02674021398893971363 0.02924150324603938186 0.05114141335097675822
null	0.95527060164753874183 0.01128657745924730241 0.00528213684679075101 0.00785948724681061542 0.02030119679961256765
effect	0.23232279513405898475 0.47622255996356177565 0.02519756631643249936 0.08909283057483910473 0.17716424801110775000
null	0.96631301087407128758 0.01367110421715273839 0.00468239925818399877 0.00406064544031275055 0.01127284021027910067
effect	0.16660839912137082042 0.45234214976667969088 0.00788069527815018524 0.14834792484188169537 0.22482083099191740860
null	0.95124700293705866105 0.01782506382252043234 0.00201022554511518870 0.00928120137624643092 0.01963650631905910007
null	0.78389799444485430691 0.07672157865835986523 0.02890578595109324217 0.05207546121892894092 0.05839917972676373498
null	0.82360930991543690460 0.03343362731695759260 0.00556898360173744417 0.05023539724884792251 0.08715268191702014999
mechanism	0.23138095564012364780 0.21845863008253410542 0.22798992859697636559 0.04719004692178064425 0.27498043875858513285
mechanism	0.23138095564012364780 0.21845863008253410542 0.22798992859697636559 0.04719004692178064425 0.27498043875858513285
mechanism	0.23138095564012364780 0.21845863008253410542 0.22798992859697636559 0.04719004692178064425 0.27498043875858513285
null	0.63464779692574646575 0.12011059244904356835 0.07458048818946479142 0.07658076807154215460 0.09408035436420306152
null	0.63464779692574646575 0.12011059244904356835 0.07458048818946479142 0.07658076807154215460 0.09408035436420306152
null	0.63464779692574646575 0.12011059244904356835 0.07458048818946479142 0.07658076807154215460 0.09408035436420306152
null	0.99220170293252718530 0.00161574447282742057 0.00176289097068780035 0.00283513032360760290 0.00158453130034994752
null	0.99823734205314751389 0.00156309022557036149 0.00001227267487939771 0.00012376705405554630 0.00006352799234707890
effect	0.40205254234188803064 0.55765947485393307925 0.00351030015317983389 0.01601166104192162931 0.02076602160907750627
null	0.49258456979944137410 0.31197481214636801905 0.06207391790852168773 0.04001212122219230394 0.09335457892347677478
null	0.89384614238120208007 0.07838259904633093633 0.00585250114422331859 0.00671638945261759240 0.01520236797562591474
null	0.61092077341290484949 0.28969342705535583438 0.00297270497458888144 0.02210899213352491080 0.07430410242362579798
null	0.75686153380362364285 0.09883999278792243715 0.02904740477954727285 0.05969996310278349871 0.05555110552612297498
null	0.37886359686267867541 0.26754448826525295546 0.01080592530402132295 0.14393004420051741521 0.19885594536752959627
null	0.81036625783239857324 0.07514801199962795053 0.00031055068392095192 0.05209360237230353102 0.06208157711174919213
null	0.96513526597883259051 0.00936048025739342690 0.00138737051014963149 0.00508577944021986611 0.01903110381340452142
null	0.75908136817272431340 0.18591511650781325504 0.00069249072735921217 0.02727945431018887965 0.02703157028191439937
effect	0.10965894038049989190 0.82605190637252534636 0.00529126829561853574 0.02099700770181681456 0.03800087724953917639
effect	0.17637295456087490053 0.81345873533862000926 0.00616486293402538493 0.00113530678731593206 0.00286814037916371641
null	0.90501038987133586300 0.04492765650917444203 0.02298471417145777837 0.01463995687094545722 0.01243728257708652703
null	0.80407931731040993562 0.14693932332671513774 0.02017060280363209418 0.00423309781889050132 0.02457765874035230599
null	0.84279890912749055865 0.11296392383120214264 0.01653950794796068061 0.01310603419323620213 0.01459162490011046975
null	0.96699177966583660382 0.02756988659233248345 0.00145151564489908900 0.00120408836986292530 0.00278272972706880778
null	0.68429968502965776711 0.13729061272687823059 0.03866225482444662215 0.04672291051788040467 0.09302453690113711426
effect	0.08914687635699787560 0.44213175414024852294 0.12184729222952002392 0.04681052389312629486 0.30006355338010692879
null	0.56107794529968535446 0.17880839117458446896 0.03993980263621326604 0.02473850282396117609 0.19543535806555592527
null	0.58579473038241325344 0.08409752849681283171 0.00768934667581280557 0.03521430412747263844 0.28720409031748855844
null	0.64284838176606851068 0.17362925830160194640 0.02016232962552088129 0.06438654712403112101 0.09897348318277771062
null	0.67534773101216905022 0.08217030037198620740 0.00390589770622172105 0.09222262107609173476 0.14635344983353118509
null	0.97943061345107951254 0.00374928340776968603 0.00008540599861652634 0.00867589379725069131 0.00805880334528369380
null	0.94859906065113386298 0.02386312342886499904 0.00251570693267942581 0.00598953997270337823 0.01903256901461837167
null	0.55141513633668959304 0.07314799411806793827 0.26603991367694057590 0.05384766276021910048 0.05554929310808271598
null	0.53724950901968893113 0.32944151372003960265 0.04557750460121345881 0.00749678939458362122 0.08023468326447445731
advise	0.46251989588580916246 0.05039830560337207194 0.00316881817509039217 0.46630427555390174810 0.01760870478182654728
null	0.72876432527771284331 0.10531890649741790233 0.00222023910352337622 0.15052453211606664496 0.01317199700527932338
null	0.86513363907558538113 0.06870099068931832809 0.00180803047770739769 0.05280273911287038796 0.01155460064451858081
null	0.80585354173166034997 0.06934641451770455489 0.00689655127820871291 0.09273743346335258653 0.02516605900907379484
effect	0.07833038463443088573 0.83312750689621151157 0.00233600908827494942 0.05032562705924503721 0.03588047232183749075
null	0.95525803476146775584 0.02396438545351912627 0.00146423711800027032 0.00619990419235138829 0.01311343847466140723
null	0.52629556420570555719 0.24430839922510305673 0.00556526960177223477 0.03830117282315195076 0.18552959414426731244
null	0.75567410995578043753 0.06987971243415516676 0.00226634544280600011 0.02386361662911880635 0.14831621553813964520
null	0.79503753539960275720 0.04000698861139645457 0.14616161434214153259 0.01106063785599470557 0.00773322379086453706
null	0.75955222608229766568 0.04292585768224486953 0.17025751941318004179 0.01576617111486560210 0.01149822570741184692
null	0.81440597566918992989 0.00934410945068894598 0.16314406437921938342 0.00794059078574329072 0.00516525971515864948
null	0.93743445220412613406 0.03364914982780154579 0.00123211883842581915 0.01379890598160259628 0.01388537314804391513
null	0.97887396004728988164 0.00713338371128571184 0.00114979423854760874 0.00676820944489753447 0.00607465255797960679
null	0.98962662329212158774 0.00246709382779716118 0.00026464775463055777 0.00472686202243022789 0.00291477310302052164
null	0.50866304526680083953 0.28074122268481005449 0.01053818563009122772 0.01649114090082724748 0.18356640551747074874
null	0.74026428599434046518 0.15204900133645082860 0.00388463906829290178 0.00899054081009608395 0.09481153279081970531
null	0.85243488832643554698 0.11060965002103685662 0.00126583584373072882 0.00875143097201863847 0.02693819483677829807
null	0.63464779692574646575 0.12011059244904356835 0.07458048818946479142 0.07658076807154215460 0.09408035436420306152
effect	0.43097503302494205579 0.45600923121696029794 0.00681302954984749302 0.03430280647576586933 0.07189989973248410438
effect	0.43097503302494205579 0.45600923121696029794 0.00681302954984749302 0.03430280647576586933 0.07189989973248410438
null	0.93922433403612759495 0.02384352804335751821 0.00379854440988690572 0.00932925158695282683 0.02380434192367502852
null	0.96473085258871993375 0.01637802639814236322 0.00110905431695405539 0.00976790541167110032 0.00801416128451233785
null	0.78003595267481717901 0.20224607385686491079 0.00037139765556127392 0.01266420986554436454 0.00468236594721227299
null	0.78149448469110693871 0.19261871399303465147 0.00012162059146394528 0.01763728153790286926 0.00812789918649151240
null	0.69821146139262380004 0.14763434169880668145 0.00177073566721995751 0.12613869124140444922 0.02624476999994504109
null	0.94792859146210262100 0.01993497113504894350 0.00147167213352638140 0.00865802771957811280 0.02200673754974384264
null	0.66375936268346213964 0.16040552862084220265 0.00234071411434349239 0.07703745747494214480 0.09645693710640998453
null	0.90606924690800927369 0.04015377960489689008 0.00686526130924080494 0.02632459743035221733 0.02058711474750098136
null	0.95936948269794020128 0.01756334894135724856 0.00078385040541327305 0.00724642964746468991 0.01503688830782452801
null	0.79326040070367132007 0.03346157160642716788 0.00091841981003318903 0.03004869425912412573 0.14231091362074399509
null	0.86968019098278026568 0.02062591707210157527 0.09470344406981826002 0.00854958626647480888 0.00644086160882509882
advise	0.23635497329417975987 0.07506675951498321953 0.00037639806591001037 0.68198688084283043409 0.00621498828209640468
null	0.99943587936867295252 0.00017639679382848154 0.00004721474756493435 0.00004357858182950085 0.00029693050810408706
null	0.99893513925188481828 0.00035865736879985710 0.00006146555364086220 0.00021494961345729812 0.00042978821221699654
null	0.99893513925188481828 0.00035865736879985710 0.00006146555364086220 0.00021494961345729812 0.00042978821221699654
null	0.99893513925188481828 0.00035865736879985710 0.00006146555364086220 0.00021494961345729812 0.00042978821221699654
null	0.99058201225410813517 0.00866635637779080911 0.00003270079901603204 0.00023114885759401778 0.00048778171149097146
null	0.84811969320015290208 0.07271009033850896197 0.02083343036269943993 0.00504720287236561094 0.05328958322627306426
null	0.84811969320015290208 0.07271009033850896197 0.02083343036269943993 0.00504720287236561094 0.05328958322627306426
null	0.84811969320015290208 0.07271009033850896197 0.02083343036269943993 0.00504720287236561094 0.05328958322627306426
effect	0.31441026084565215637 0.65680717226044182944 0.00414356130003931677 0.00202904771852747794 0.02260995787533924897
null	0.97597585968459588113 0.00808042845609189576 0.00023733429763849468 0.00793105571673867818 0.00777532184493481306
null	0.97597585968459588113 0.00808042845609189576 0.00023733429763849468 0.00793105571673867818 0.00777532184493481306
null	0.81980381749189989993 0.16538986359380072888 0.00010695590914535085 0.00722443349242208894 0.00747492951273211713
null	0.97597585968459588113 0.00808042845609189576 0.00023733429763849468 0.00793105571673867818 0.00777532184493481306
null	0.81980381749189989993 0.16538986359380072888 0.00010695590914535085 0.00722443349242208894 0.00747492951273211713
null	0.81980381749189989993 0.16538986359380072888 0.00010695590914535085 0.00722443349242208894 0.00747492951273211713
null	0.99183816512896394446 0.00173040915213119330 0.00022073122647536851 0.00077741954298228696 0.00543327494944717028
null	0.99841028523311903253 0.00117091334128594220 0.00006895191870557725 0.00010422216948816396 0.00024562733740122680
null	0.94214476921650991414 0.04444978316573479360 0.00035041178038818394 0.00299609795620514119 0.01005893788116175511
null	0.69332722165574312001 0.08322886460178680057 0.00774365053066602971 0.18309411353616367180 0.03260614967564048894
null	0.51657691558379037478 0.14428679451592235639 0.01575578415574433941 0.26372172394344284285 0.05965878180110023576
null	0.99493193855801409509 0.00262320729755520250 0.00016211905794569581 0.00127140351777192749 0.00101133156871316800
null	0.97902225854253666082 0.01093780440579875980 0.00018302476256812773 0.00380039095245008783 0.00605652133664619664
null	0.99271664985187080266 0.00301375807669327072 0.00007210148828166211 0.00140664361417306197 0.00279084696898122256
null	0.98526730661970807201 0.00351951729082959327 0.00066294483548600162 0.00332924433254843570 0.00722098692142803152
null	0.99462423135519317796 0.00269842952429268481 0.00034150213741744817 0.00103536252602807414 0.00130047445706857312
null	0.99462423135519317796 0.00269842952429268481 0.00034150213741744817 0.00103536252602807414 0.00130047445706857312
null	0.99773085702825992094 0.00146345246479156663 0.00009525050676528456 0.00036877544869656678 0.00034166455148673322
null	0.99811336327924593537 0.00089156297219615706 0.00017514898380178456 0.00030711512941387339 0.00051280963534232912
null	0.99811336327924593537 0.00089156297219615706 0.00017514898380178456 0.00030711512941387339 0.00051280963534232912
advise	0.23719400972217735690 0.19113411412646486021 0.00079984622985670116 0.42668946045730438144 0.14418256946419674702
null	0.46443252663601752861 0.10169570549356991840 0.00060845301901147253 0.30496773211373406909 0.12829558273766689114
advise	0.28122820272772180994 0.07245774375159140523 0.00341324678494758175 0.44037530543272374040 0.20252550130301524844
null	0.55164847880873157937 0.10794719794295765114 0.00341650699798360432 0.26611436621194151098 0.07087345003838545210
null	0.55164847880873157937 0.10794719794295765114 0.00341650699798360432 0.26611436621194151098 0.07087345003838545210
null	0.76193354674284874406 0.08060819861696254252 0.00131206842779868190 0.13050831440842750042 0.02563787180396234766
null	0.79323017568424103452 0.05110557562909800317 0.00251080206818668624 0.11310793082986975167 0.04004551578860475469
null	0.79323017568424103452 0.05110557562909800317 0.00251080206818668624 0.11310793082986975167 0.04004551578860475469
null	0.92702119730510657014 0.03127863858743532011 0.00012707637776853092 0.02344370126677484956 0.01812938646291490166
null	0.86785864680038904417 0.03445506881685336809 0.00110211916173839799 0.05233814579447945009 0.04424601942653972469
null	0.94475561629569315691 0.02848699390483201699 0.00061222366368681152 0.01755216245118142171 0.00859300368460655210
null	0.94475561629569315691 0.02848699390483201699 0.00061222366368681152 0.01755216245118142171 0.00859300368460655210
null	0.97517116258481817415 0.01589721918981996940 0.00017570777522322293 0.00643290572769013129 0.00232300472244850167
null	0.98104185423739931338 0.00973945790939757111 0.00032491632066106272 0.00538749175299214726 0.00350627977954996424
null	0.98104185423739931338 0.00973945790939757111 0.00032491632066106272 0.00538749175299214726 0.00350627977954996424
null	0.49895481607432851101 0.06960949037449068455 0.00328737106223451429 0.25007023947099288330 0.17807808301795330364
null	0.75335829856634728419 0.07982369466157324123 0.00253279567985959355 0.11631726375266042417 0.04796794733955948853
null	0.75335829856634728419 0.07982369466157324123 0.00253279567985959355 0.11631726375266042417 0.04796794733955948853
null	0.88517622335200318862 0.05070761224117330268 0.00082746154600208625 0.04852745663072213084 0.01476124623009936708
null	0.90312831176164609648 0.03150647486700061672 0.00155182019056376071 0.04121734301703224024 0.02259605016375739947
null	0.90312831176164609648 0.03150647486700061672 0.00155182019056376071 0.04121734301703224024 0.02259605016375739947
null	0.96312250968028234599 0.02363262004453848056 0.00149904229737658399 0.00326042578044631864 0.00848540219735616046
null	0.96312250968028234599 0.02363262004453848056 0.00149904229737658399 0.00326042578044631864 0.00848540219735616046
null	0.98308277318934111921 0.01304168172879190644 0.00042544354643818242 0.00118167503622455231 0.00226842649920416198
null	0.98683856779275069826 0.00797253734920182200 0.00078500392705016335 0.00098747664878287241 0.00341641428221430314
null	0.98683856779275069826 0.00797253734920182200 0.00078500392705016335 0.00098747664878287241 0.00341641428221430314
null	0.99392569636998950866 0.00221479494744982212 0.00009497392370731559 0.00253438754316685690 0.00123014721568655196
null	0.99754519600958113656 0.00120178106986033959 0.00002650345812307200 0.00090316453915780773 0.00032335492327751155
null	0.99798152672823070564 0.00073218734157226345 0.00004873784530058893 0.00075219344368539979 0.00048535464121087635
null	0.99798152672823070564 0.00073218734157226345 0.00004873784530058893 0.00075219344368539979 0.00048535464121087635
null	0.99754519600958113656 0.00120178106986033959 0.00002650345812307200 0.00090316453915780773 0.00032335492327751155
null	0.99798152672823070564 0.00073218734157226345 0.00004873784530058893 0.00075219344368539979 0.00048535464121087635
null	0.99798152672823070564 0.00073218734157226345 0.00004873784530058893 0.00075219344368539979 0.00048535464121087635
null	0.91725609924157147645 0.01364776172776731474 0.00191886326799635388 0.05049316410164070984 0.01668411166102426110
null	0.91725609924157147645 0.01364776172776731474 0.00191886326799635388 0.05049316410164070984 0.01668411166102426110
null	0.98807143730638713475 0.00464693570047712903 0.00023310258775697322 0.00292022465747946141 0.00412829974789927397
null	0.95045480905660062465 0.02578606644066192347 0.00106951738686531851 0.01877748032092129218 0.00391212679495094896
null	0.53385056605827374554 0.39147551747474751416 0.00429277139470949243 0.06492388143368595099 0.00545726363858332984
null	0.75620299019165948540 0.09715352286240999669 0.00258209842091841526 0.13380554682050466164 0.01025584170450723719
null	0.73068697727335951697 0.20349899370116653063 0.00188647263911783367 0.05915566989954226113 0.00477188648681400179
null	0.85008952465892251293 0.04147924347327755501 0.00093196618740756733 0.10013378503029382594 0.00736548065009821982
null	0.70206971624294101098 0.11474612803620976020 0.00046248223041392899 0.17995165758717013293 0.00277001590326543881
null	0.99956036537659331831 0.00015073067745022281 0.00001705081617857565 0.00003564454465273137 0.00023620858512518784
null	0.99370862012536009811 0.00361821876643395263 0.00029857551808159735 0.00134001684147384012 0.00103456874865053288
null	0.98096548242203029933 0.01162195309039272366 0.00077289620179707224 0.00481989416354945081 0.00181977412223048541
null	0.98981820576408841017 0.00667880228147293888 0.00014106801334279990 0.00153781075270041276 0.00182411318839552600
null	0.99732712778244991814 0.00111024067136274726 0.00016871655652289443 0.00046760007135053554 0.00092631491831395051
null	0.99375707081172237611 0.00352653153066645941 0.00036435722816181951 0.00101523206773798647 0.00133680836171113423
null	0.99375707081172237611 0.00352653153066645941 0.00036435722816181951 0.00101523206773798647 0.00133680836171113423
null	0.99694285568610241377 0.00190972299247408163 0.00015076692073834620 0.00038033134194811883 0.00061632305873695183
null	0.99359210834770583798 0.00278776858088525866 0.00009697808875696646 0.00064816470164363719 0.00287498028100862096
null	0.46481052574311682024 0.37268174038900370171 0.00714519429984914259 0.05133418819633106533 0.10402835137169917645
effect	0.22470060999194552132 0.58621380242982923381 0.00905763154473171808 0.09042063907434028103 0.08960731695915322148
effect	0.33150728152528718962 0.49256394340855158553 0.00241718080218597444 0.04218131090855187226 0.13133028335542337728
null	0.67030803359163837474 0.16431617664115996669 0.00580146193000072655 0.02573895471251937475 0.13383537312468168912
null	0.46018448673067607890 0.35960515570811907304 0.00863221171524285527 0.03850318130094512736 0.13307496454501682726
null	0.46018448673067607890 0.35960515570811907304 0.00863221171524285527 0.03850318130094512736 0.13307496454501682726
null	0.62747171563563963748 0.26467971697979758572 0.00485481745817651234 0.01960494142801076992 0.08338880849837553011
null	0.43510884768278346169 0.26882700668321191095 0.00217273296413637114 0.02324634623596237917 0.27064506643390584539
null	0.90065881594600749604 0.05084739189702774942 0.00521143140784140289 0.03715931538005307760 0.00612304536907029486
null	0.94966808983306427727 0.03053500389578179749 0.00099397218763412187 0.01238919032320570483 0.00641374376031415405
null	0.98630238552863258583 0.00523205823426538784 0.00122534795066827403 0.00388302908591132284 0.00335717920052248497
null	0.96795003210085361900 0.01636829573541494914 0.00260632980715041346 0.00830350893943238542 0.00477183341714864078
null	0.96795003210085361900 0.01636829573541494914 0.00260632980715041346 0.00830350893943238542 0.00477183341714864078
null	0.98453512035966639360 0.00898699105521135258 0.00109344334798134137 0.00315389105067751842 0.00223055418646341160
null	0.97071494415493053687 0.01297846368980371499 0.00069580328936333976 0.00531731736346069666 0.01029347150244161110
null	0.68808245665710676686 0.25525713678428951781 0.00312461243086509417 0.02056465657801176058 0.03297113754972694211
null	0.90928712856848148416 0.05565123453757962746 0.00490121408039836948 0.00820108853623401947 0.02195933427730642831
null	0.79276102199793974101 0.15466928832724549658 0.00926130111872489580 0.01557976507413895428 0.02772862348195103896
null	0.79276102199793974101 0.15466928832724549658 0.00926130111872489580 0.01557976507413895428 0.02772862348195103896
null	0.88218600144221159809 0.09290830403593224041 0.00425087681496714911 0.00647419137448129994 0.01418062633240795532
null	0.80311550123946107149 0.12388560700345914445 0.00249761822142522761 0.01007833457143490936 0.06042293896421968569
null	0.97189547018916866428 0.01471779358004898439 0.00079242909109142475 0.00571371118374857951 0.00688059595594225481
null	0.93187579615204541028 0.04498515490839494202 0.00164674355190566417 0.01193726724329314398 0.00955503814436089484
null	0.93187579615204541028 0.04498515490839494202 0.00164674355190566417 0.01193726724329314398 0.00955503814436089484
null	0.96498752425729528159 0.02514580012277909879 0.00070336099384141670 0.00461610138031320113 0.00454721324577105415
null	0.93556503248120770344 0.03570805672973155487 0.00044010900091467025 0.00765267048318631592 0.02063413130495985251
null	0.97663471265828794010 0.01461219066572339020 0.00045263400848274472 0.00366552313306410874 0.00463493953444164310
null	0.97663471265828794010 0.01461219066572339020 0.00045263400848274472 0.00366552313306410874 0.00463493953444164310
null	0.98828867227611971735 0.00798177651342459570 0.00018892415316032363 0.00138514226355198385 0.00215548479374318451
null	0.97603098907103491566 0.01154590093916506993 0.00012041953930161839 0.00233915802586857164 0.00996353242463003490
null	0.98070974701455848610 0.00954837064881525720 0.00046138655345226925 0.00545612762441197337 0.00382436815876218208
null	0.99076673724866226589 0.00520706221998598270 0.00019225803583496385 0.00205836411223007335 0.00177557838328656773
null	0.98061944271551515495 0.00754866797356656873 0.00012281269767173449 0.00348366733000112167 0.00822540928324541447
null	0.99076673724866226589 0.00520706221998598270 0.00019225803583496385 0.00205836411223007335 0.00177557838328656773
null	0.98061944271551515495 0.00754866797356656873 0.00012281269767173449 0.00348366733000112167 0.00822540928324541447
null	0.96901488133679958281 0.01614646728248808269 0.00015005078936097249 0.00373533904866927766 0.01095326154268211859
effect	0.04276037068730351859 0.91587094068937080493 0.00067000088233466260 0.03111274614755713333 0.00958594159343390852
null	0.57798942257819441171 0.10359460344868914872 0.10398128188134192484 0.10573446908170734682 0.10870022301006723731
null	0.99964705648282758954 0.00006711487102278547 0.00007118202835282411 0.00014394837239703392 0.00007069824539984898
null	0.99917522241505563052 0.00027421508640657934 0.00003183498696652880 0.00026921393392783510 0.00024951357764328659
null	0.99964705648282758954 0.00006711487102278547 0.00007118202835282411 0.00014394837239703392 0.00007069824539984898
null	0.99917522241505563052 0.00027421508640657934 0.00003183498696652880 0.00026921393392783510 0.00024951357764328659
null	0.92007837989472773810 0.03023930540114518062 0.00180962625396302026 0.01251268690625144224 0.03536000154391280570
null	0.83412980374230882852 0.11201845171289916137 0.00438818806872028587 0.02413310948096113531 0.02533044699511065659
effect	0.05634022402596745860 0.47424725235141240720 0.01190085217119919714 0.02526736392280447621 0.43224430752861625615
