null	0.96608354707513521831 0.01122432012568571301 0.00012503768801158430 0.00470047340020657897 0.01786662171096089699
effect	0.21811207185240349959 0.50827423823314288320 0.01016117840651064447 0.20395778285572749300 0.05949472865221554913
effect	0.32124922708768527402 0.34150089258311061569 0.03806182862897063146 0.23292280381731289562 0.06626524788292044443
effect	0.32124922708768527402 0.34150089258311061569 0.03806182862897063146 0.23292280381731289562 0.06626524788292044443
null	0.93213002576898884577 0.03817003877639724152 0.00222470406781654761 0.02037404616772391097 0.00710118521907344459
null	0.53084447693307146299 0.12540435865836740970 0.06287589720907639512 0.17682356572025642594 0.10405170147922836177
null	0.53084447693307146299 0.12540435865836740970 0.06287589720907639512 0.17682356572025642594 0.10405170147922836177
null	0.96452380053016395500 0.01027817807326207936 0.00337995170381517060 0.01242685606416010606 0.00939121362859873798
null	0.63464779692574646575 0.12011059244904356835 0.07458048818946479142 0.07658076807154215460 0.09408035436420306152
null	0.87872900392409747372 0.03738616619006151359 0.01920331187809496548 0.02898182572565715168 0.03569969228208907247
null	0.87872900392409747372 0.03738616619006151359 0.01920331187809496548 0.02898182572565715168 0.03569969228208907247
null	0.63527429201582052976 0.13637938826069079257 0.00728212454188794604 0.19703996090469877434 0.02402423427690206920
null	0.65477076118469501598 0.18327929407690823904 0.00857699020128472461 0.11171022656274130769 0.04166272797437086534
null	0.72741230003709511642 0.07005737270737208422 0.00749847179733093266 0.14725046501632885199 0.04778139044187305895
null	0.90404581614959822478 0.07901272817174155583 0.00181494433215754320 0.00428046743739944613 0.01084604390910327842
null	0.95269450201197936057 0.02864899265105141229 0.00150512653732032351 0.00535213174898110239 0.01179924705066790445
null	0.90071551639811908707 0.01217737228006074944 0.00111886858367742613 0.01816238908407015462 0.06782585365407242661
null	0.68191599244705658478 0.12620754721164356704 0.02033966504052094754 0.05663158350708279859 0.11490521179369592164
null	0.80063104957302266840 0.06779994272920172871 0.00558892624086529052 0.04264392982923630865 0.08333615162767404883
null	0.99013750276864787025 0.00531026446011822768 0.00015308972065831083 0.00182454175141672295 0.00257460129915879988
null	0.99827928341712801608 0.00130433209965712788 0.00002642342829173853 0.00010731065937053806 0.00028265039555232095
null	0.89706524742357141022 0.06875193381559654981 0.00227592941653802314 0.01244660671166800472 0.01946028263262615868
null	0.96707179069171655961 0.01541807915178010011 0.00395144381724719506 0.00733106332982420752 0.00622762300943193597
null	0.99159649580758413290 0.00372106337256540966 0.00061017651431483891 0.00174221157088480364 0.00233005273465088135
null	0.91791490539668563198 0.04907039376349937865 0.00163463389008576651 0.02405772942403288858 0.00732233752569629633
null	0.99439574168746558414 0.00144990805295846007 0.00008172346848656756 0.00198595732209167364 0.00208666946899771629
null	0.96224397461395994036 0.00977464197415656502 0.00397911596943241117 0.01183986732781364647 0.01216240011463748556
null	0.98076822965266829968 0.00606119720520719666 0.00126656929036724777 0.00784664046617727928 0.00405736338558015074
null	0.99466516139035732191 0.00151538058248057287 0.00052997623746989600 0.00087967473341190748 0.00240980705628016925
null	0.99754477352383641442 0.00092459933174938221 0.00016598661049865160 0.00057363195674856049 0.00079100857716709705
null	0.97854840523739172742 0.00727879544671586678 0.00150116753138826290 0.00634719609069394133 0.00632443569381017315
null	0.99040210129695427366 0.00378782710572281734 0.00010334855150395728 0.00233831093843739389 0.00336841210738161563
null	0.63290864010377279048 0.09801436671165329739 0.00159751614422918436 0.16967500228919937810 0.09780447475114539824
null	0.93150981843101965385 0.00971890801370332499 0.00082317685342446327 0.00716098451129001598 0.05078711219056261661
null	0.61519297793263261198 0.12400105066988782732 0.00434875157021631740 0.10023141248647043922 0.15622580734079280496
null	0.88067748065029760607 0.09440752303254089373 0.00079710003127470832 0.01351200115346697615 0.01060589513241971642
null	0.92146703946506103300 0.02898023995301219138 0.00332020795868863882 0.01154538017655680482 0.03468713244668138185
null	0.85221414879644907803 0.04445408316341976224 0.02722323012015121987 0.02593895970645726523 0.05016957821352261565
effect	0.34478818908072383920 0.36234687962393818950 0.13121749294584500456 0.05378362461592443855 0.10786381373356851432
null	0.77240100544770784463 0.16577395927058793945 0.01206735181997008882 0.02400289686479814555 0.02575478659693630074
null	0.96780462703090253118 0.00521353516665824628 0.00275312220651293066 0.01854192100859749712 0.00568679458732870759
null	0.79455364307497955423 0.12576364168930076470 0.00353324974807254100 0.02962925452586608402 0.04652021096178113324
null	0.94563383301621639632 0.02162239706195223654 0.00969809992889521591 0.01207459534329664505 0.01097107464963957384
null	0.94563383301621639632 0.02162239706195223654 0.00969809992889521591 0.01207459534329664505 0.01097107464963957384
null	0.93983688086552674701 0.03122755856806548602 0.00438941140050504598 0.01226793587780494743 0.01227821328809804505
effect	0.26254254076702893128 0.43758010581451839416 0.00242879706096697399 0.22877556567357529294 0.06867299068391022332
null	0.62022646889537480508 0.14933346297929381286 0.01323288019131932391 0.18505990374830338929 0.03214728418570863416
null	0.62022646889537480508 0.14933346297929381286 0.01323288019131932391 0.18505990374830338929 0.03214728418570863416
null	0.58039079968882456573 0.20306359533085177604 0.00563916438419761849 0.17703208561404282229 0.03387435498208305612
null	0.96456060173633462185 0.02084998686163423709 0.00045761416001205332 0.00640361816046056999 0.00772817908155857408
null	0.96456060173633462185 0.02084998686163423709 0.00045761416001205332 0.00640361816046056999 0.00772817908155857408
null	0.95471242478220430527 0.02998841783075579040 0.00020626838168066408 0.00647944658667571737 0.00861344241868354336
null	0.97860249107086527687 0.00760478023263078812 0.00034352018982937194 0.00508798968280803083 0.00836121882386643527
null	0.97429014651068590602 0.01100204389561805669 0.00015574869325061741 0.00517842446929773093 0.00937363643114776449
null	0.97429014651068590602 0.01100204389561805669 0.00015574869325061741 0.00517842446929773093 0.00937363643114776449
effect	0.10730642736847470498 0.79919937377775973619 0.00394653692760779141 0.02543396819174260221 0.06411369373441512531
null	0.75539254817382539553 0.10121647031303571129 0.02598924509667730268 0.03976045929858227496 0.07764127711787928432
mechanism	0.17951682908921087756 0.24487173502599396402 0.01662981324950124629 0.04350107716255396939 0.51548054547274002601
null	0.42954777986990300143 0.26216404714833257961 0.05275217629465068364 0.03544741758035795109 0.22008857910675588831
effect	0.03709940289221798360 0.47272895688236521439 0.02202146601723906777 0.05254667883651666094 0.41560349537166113576
null	0.44674824767280668647 0.42339229076064432977 0.05697510537700006122 0.02470062996427780169 0.04818372622527104798
null	0.76034694909570954557 0.08245766973000061284 0.00268468753055196505 0.02122535243089584273 0.13328534121284207892
null	0.91408585624312044260 0.04435416451295051687 0.00427873732703976106 0.00868977179998250623 0.02859147011690677670
effect	0.34689541953951980036 0.35142253810652385182 0.00784833635729020700 0.05660113989492920189 0.23723256610173718006
null	0.91477797231253721311 0.06892575728499571175 0.00444669878714067188 0.00582651850580858093 0.00602305310951781886
null	0.82657300554738244447 0.06274914453109102508 0.01080327254386993785 0.03126173838141097644 0.06861283899624572025
mechanism	0.19561313714505629280 0.31003322753773210341 0.01235727006299375784 0.12697995071051582094 0.35501641454370208573
null	0.85159490387134217926 0.10038713955676767386 0.01155847519909549391 0.02157928294884339793 0.01488019842395118392
null	0.54588050908893837043 0.25134928341133783158 0.00151741246622669797 0.06256508439084366990 0.13868771064265320025
null	0.95991054391850305638 0.03287347597987419490 0.00057329716415234196 0.00429469205278821924 0.00234799088468224271
null	0.68352867168180209134 0.21997865971144558994 0.04082601833190417639 0.03830984107175971348 0.01735680920308860925
null	0.55142343831502904639 0.19258250083659089746 0.00613081132950399257 0.05420929047611991458 0.19565395904275625916
null	0.41140373029325894016 0.34443469805839854736 0.00125717211184926464 0.02855118203632655074 0.21435321750016667064
null	0.72729628090353959369 0.17526027232237567643 0.00501484085382715352 0.01916886597698076039 0.07325973994327668326
null	0.85792467388329052280 0.00568480251097520407 0.11464873321799981531 0.01205505173167701304 0.00968673865605753324
null	0.86970551368094461964 0.00991651465316352801 0.10389820733098299732 0.00994367811191539108 0.00653608622299349778
null	0.95618109893750202755 0.01856982635354828201 0.00072024506368595495 0.00945480373115174452 0.01507402591411174941
null	0.92168404516096713586 0.06575658633013369003 0.00057212043729399330 0.00901536081628504134 0.00297188725531996210
null	0.95148610553546653090 0.03263601093615609017 0.00074434587449579261 0.00822511615074367382 0.00690842150313802136
null	0.88945382466557321166 0.04337057926365443794 0.00269976449006827839 0.00862108691039806252 0.05585474467030614870
null	0.65016534252005586669 0.02227574615602631244 0.00743677155648297776 0.15192821227999894762 0.16819392748743589028
advise	0.22719728222030582954 0.01544748073939743692 0.00522966680192785052 0.66229027971274423425 0.08983529052562473638
null	0.41587231794408213714 0.08564770194824640470 0.00318814839449384300 0.15508703852381408583 0.34020479318936353019
null	0.97255470473143479371 0.00090506030153137459 0.00013952585680595574 0.01477159335036498655 0.01162911575986285383
null	0.97130012577499602600 0.00273790322342042959 0.00004640894877137006 0.00188728283550686367 0.02402827921730526020
null	0.92402113801856011754 0.01288401038116051937 0.00048977475638187673 0.02237765436031842123 0.04022742248357920325
null	0.95882742798565767650 0.00161036312616430238 0.00293071735981462623 0.00565527128684376133 0.03097622024151964679
null	0.82401116964629661510 0.04860367100093242881 0.00181290662973415738 0.04037554590111358532 0.08519670682192324873
null	0.96084510761930563838 0.00411981982402419636 0.00160773992791851867 0.00923113259963810780 0.02419620002911347656
null	0.91520871282067084440 0.01976895813012692973 0.00036340900179673223 0.01519321540227447885 0.04946570464513110055
null	0.98203740425548957660 0.00154198635767552024 0.00029656755748368527 0.00319649387396715116 0.01292754795538427100
null	0.95236563920023131757 0.00928590132641069627 0.00032154877990853798 0.00762793571478241356 0.03039897497866707321
null	0.91773567111874121416 0.03165006552859671307 0.01027270422486491371 0.01156148472785887941 0.02878007439993840455
advise	0.20647352890840406370 0.17671861366210200872 0.00765093469027033554 0.58236510171213806686 0.02679182102708540375
null	0.83881117623025147623 0.02346275914557341413 0.00327952419033862661 0.00555036095740207239 0.12889617947643441931
null	0.92781279137734451457 0.03770326650211543867 0.00058730738222693968 0.00781067987604523121 0.02608595486226772744
null	0.91165240938497982270 0.05683560988018633575 0.00184894096176392380 0.00909939999328479056 0.02056363977978534902
null	0.94049831220367829943 0.02839693043295995686 0.00081240455925373498 0.00637087359377137407 0.02392147921033651106
null	0.91691988549578617995 0.03243939624176001707 0.00131982699716525539 0.01316132094913021605 0.03615957031615827516
null	0.93287314221870842879 0.01598402305593651235 0.00057191143162396197 0.00908757846373954396 0.04148334482999163630
null	0.97952532133833303263 0.00582527557756644127 0.00012483932646487961 0.00675976267686436913 0.00776480108077128896
null	0.67793544910555081362 0.10409418762767594369 0.00284185561689566813 0.18553819536904114784 0.02959031228083637902
null	0.91729740847252205782 0.04010540868340760345 0.01420947384871580274 0.01735983468266965452 0.01102787431268500117
null	0.95859941144816662728 0.02751777236825951600 0.00169904188291213672 0.00892116863963751672 0.00326260566102401246
null	0.69383872272033020323 0.13114088419993608081 0.00527460540926269136 0.13268694776129888457 0.03705883990917217818
null	0.68647105655536810875 0.19713129072349003246 0.00088580021534883388 0.09613738386626873023 0.01937446863952454676
int	0.24610199008967764689 0.08329491603474317718 0.55187787214348793530 0.07032448818500061649 0.04840073354709072823
null	0.96264419991210281591 0.02105174660651340166 0.00154688023094063341 0.00432552462428652165 0.01043164862615669417
null	0.88536192755839815405 0.06049019327330536905 0.00412964565052531801 0.02820473305779669024 0.02181350045997463433
null	0.76261527756267921685 0.10267875293886633004 0.00338687911399666646 0.05432245629693623068 0.07699663408752151217
null	0.92819229181229689907 0.01885819414366021740 0.01052186241339499000 0.01211989500600457216 0.03030775662464336301
null	0.92819229181229689907 0.01885819414366021740 0.01052186241339499000 0.01211989500600457216 0.03030775662464336301
null	0.96013226368483528539 0.00544647816519509484 0.00354742713162712730 0.01884401605827045953 0.01202981496007194187
null	0.85730775963653660376 0.04466952962349053646 0.00715890385373739533 0.02137581342565667702 0.06948799346057886461
null	0.85730775963653660376 0.04466952962349053646 0.00715890385373739533 0.02137581342565667702 0.06948799346057886461
null	0.92093881369245267354 0.01339762938878210664 0.00250650347303199095 0.03451422885414733022 0.02864282459158583663
null	0.99650208901637671310 0.00097343719466406282 0.00045619500170960702 0.00060149604664264914 0.00146678274060714465
null	0.99810955225315300954 0.00027222655871836186 0.00014892865922430277 0.00090555384227493613 0.00056373868662941775
null	0.99810955225315300954 0.00027222655871836186 0.00014892865922430277 0.00090555384227493613 0.00056373868662941775
null	0.45977185855410873661 0.14944816189592868838 0.04226467027433938872 0.00966966071110490072 0.33884564856451832027
null	0.90498991754767632578 0.02760746724733315755 0.00583230870917852105 0.02218980865502846386 0.03938049784078354043
null	0.97086438844631417489 0.01193535536244872894 0.00310375349147273567 0.00572975116864150955 0.00836675153112287871
null	0.97086438844631417489 0.01193535536244872894 0.00310375349147273567 0.00572975116864150955 0.00836675153112287871
null	0.97086438844631417489 0.01193535536244872894 0.00310375349147273567 0.00572975116864150955 0.00836675153112287871
null	0.97086438844631417489 0.01193535536244872894 0.00310375349147273567 0.00572975116864150955 0.00836675153112287871
null	0.93706066763911821660 0.01609064184064611103 0.00143348948052727555 0.03738379278031574160 0.00803140825939247481
null	0.93706066763911821660 0.01609064184064611103 0.00143348948052727555 0.03738379278031574160 0.00803140825939247481
null	0.93706066763911821660 0.01609064184064611103 0.00143348948052727555 0.03738379278031574160 0.00803140825939247481
null	0.93706066763911821660 0.01609064184064611103 0.00143348948052727555 0.03738379278031574160 0.00803140825939247481
null	0.97628891459872624292 0.00598413156628914249 0.00117240482905407988 0.00901802537070288922 0.00753652363522751192
null	0.97628891459872624292 0.00598413156628914249 0.00117240482905407988 0.00901802537070288922 0.00753652363522751192
null	0.97628891459872624292 0.00598413156628914249 0.00117240482905407988 0.00901802537070288922 0.00753652363522751192
null	0.97628891459872624292 0.00598413156628914249 0.00117240482905407988 0.00901802537070288922 0.00753652363522751192
null	0.97628891459872624292 0.00598413156628914249 0.00117240482905407988 0.00901802537070288922 0.00753652363522751192
null	0.97628891459872624292 0.00598413156628914249 0.00117240482905407988 0.00901802537070288922 0.00753652363522751192
null	0.97514294289098157886 0.00522454225465655668 0.00029160259012229865 0.00793756322859729205 0.01140334903564231735
null	0.68084744178724798669 0.17486028109536982944 0.00579873869214834158 0.00410206903590405649 0.13439146938932985953
null	0.99446638579646584599 0.00368988170998227121 0.00005959815186394164 0.00071187380850044110 0.00107226053318746468
null	0.90772441953648153046 0.03731249080507551691 0.00142003445688285677 0.01099135043992949777 0.04255170476163076115
null	0.85556075697456268614 0.05549328308419141514 0.00997469981055012361 0.03375430663960556771 0.04521695349109023515
null	0.97293173630332663304 0.00820825711968436664 0.00047641166410093580 0.00597001170207272884 0.01241358321081554791
null	0.85556075697456268614 0.05549328308419141514 0.00997469981055012361 0.03375430663960556771 0.04521695349109023515
null	0.97293173630332663304 0.00820825711968436664 0.00047641166410093580 0.00597001170207272884 0.01241358321081554791
null	0.99941038249741998012 0.00017943039416296134 0.00004305401570471759 0.00014746421656533886 0.00021966887614705978
null	0.99027380592982061636 0.00560732392766012146 0.00057781403723197234 0.00090440603756600376 0.00263665006772121789
null	0.96969234395904657653 0.01659075665654461892 0.00219151715260882448 0.00112186106351552513 0.01040352116828433850
null	0.94922897617699897310 0.04377081198405137485 0.00093326381471522816 0.00209731231073255302 0.00396963571350202830
null	0.94018844993836714341 0.02063143914401766033 0.00154572126291779746 0.00671711357634851864 0.03091727607834882444
null	0.92053939920076011116 0.05444254041032272479 0.00065838690357199994 0.01256021783763745965 0.01179945564770766044
null	0.81718313545119725116 0.13887021300140992008 0.01272090450888456806 0.00799091148800244906 0.02323483555050552887
null	0.95975333872926626988 0.00184980430172268701 0.00016551286331911824 0.00154650927576630102 0.03668483482992538486
null	0.99043853226015987623 0.00405121635451529283 0.00035930363646188097 0.00270968414615271793 0.00244126360271030522
null	0.93410722768113108039 0.04968182229960036583 0.00268425274514324207 0.00340868892585804561 0.01011800834826699635
null	0.74457233451834003990 0.12901277220043311234 0.03694510619727034428 0.02187517890713065044 0.06759460817682580447
null	0.60995373609870429110 0.27433350473416728832 0.03863495242267200869 0.02168347765581513445 0.05539432908864123928
null	0.80334682623591169293 0.12452865135471964664 0.02743181101532498820 0.01401793715785827968 0.03067477423618561114
null	0.93282958093082202211 0.02241792372037825637 0.00283892621135573486 0.01637815510721063461 0.02553541403023314518
null	0.89694576552654359247 0.05595197302494953756 0.00348458803561242647 0.01905531695383943028 0.02456235645905508608
null	0.95644745605734771132 0.02056338394622352073 0.00200315375514282948 0.00997378712999199592 0.01101221911129360818
null	0.97203798886493164577 0.01162156578757667091 0.00083584002575043468 0.00832759278537846016 0.00717701253636278923
null	0.98824605334246073962 0.00407221539884927448 0.00045811332762046175 0.00415575863674792594 0.00306785929432173152
null	0.99199561259315016670 0.00342128165080277926 0.00013803044183731381 0.00236181713787057650 0.00208325817633911144
null	0.77592833153806883839 0.09912962529911856224 0.00380260259023644000 0.02301837869607656004 0.09812106187649946576
null	0.93070484293086452876 0.03913078349772378811 0.00251873701774196551 0.00551618032527808125 0.02212945622839182849
null	0.93260580804186865578 0.00286676850556280777 0.00339607903119829068 0.00883581359885568865 0.05229553082251456320
null	0.53221755998357644923 0.25786403177355343708 0.01522445764235215784 0.08370377154121291796 0.11099017905930491645
null	0.83731436856430818683 0.08006283095002286743 0.00456555788202708812 0.05255259753061413547 0.02550464507302756950
null	0.95217155066539294062 0.01923565696849175582 0.00063777368360594150 0.01641344829688403534 0.01154157038562530872
null	0.44620319339627384503 0.30732168199611403780 0.00379963072535494844 0.16303474291576269817 0.07964075096649447794
null	0.80760143815234286535 0.10665761394708404841 0.00068295887263335566 0.04365158888456669578 0.04140640014337330921
null	0.88952449842447078865 0.06024277598726620470 0.00155502573784605880 0.02130395542995490096 0.02737374442046203171
null	0.64556916753395077180 0.18526278586427810668 0.00129478910301114038 0.04696677985704471314 0.12090647764171537359
null	0.81593239851019883080 0.08061568595079036947 0.00046886254991260792 0.03602595753822507990 0.06695709545087304149
effect	0.10990695226001041818 0.66687194475922351167 0.00490823057502823810 0.00591613218474637634 0.21239674022099111483
null	0.78580999338000112608 0.06518940062053853179 0.00365661833067507493 0.00405989130285839758 0.14128409636592684229
null	0.95940748000125641859 0.00989982409532339826 0.00047512775060139180 0.00227174061457557008 0.02794582753824321336
null	0.91019497876825905536 0.02399486694672472303 0.00159466529271442507 0.02979041050661685938 0.03442507848568487211
null	0.69194930078085592484 0.18372976010178479478 0.03273877614776551231 0.04977192123265528761 0.04181024173693842494
mechanism	0.21760129617794424228 0.14558105034843885073 0.01204479722638589906 0.01846610226427635240 0.60630675398295474920
null	0.75479250924458296534 0.02025955819996299451 0.00115797220147188687 0.00539955744195807184 0.21839040291202407862
null	0.65303463849116827333 0.13915868324549368618 0.00863137106098899910 0.14895752435634368460 0.05021778284600538628
null	0.74739653516637993835 0.20907416439359333138 0.00048344799988738743 0.03329748022567606547 0.00974837221446319194
null	0.86160365694856666519 0.08776376227129806251 0.00227791521490024965 0.03608958627350353915 0.01226507929173139590
null	0.42495491566715909437 0.20625001865984374239 0.00577837900538690809 0.16133082715332863755 0.20168585951428152914
null	0.47455825592257117052 0.08386853978853264779 0.02637448778650389875 0.16938623569602453967 0.24581248080636758369
null	0.92234876439320634400 0.03111777995136659133 0.00334997310618172922 0.01095585903933412285 0.03222762350991117269
null	0.63222761362035895250 0.25238658171055522450 0.00351366749654098698 0.08954928510422340004 0.02232285206832164415
null	0.88714916953440781100 0.01947301438170013707 0.00271832669540779349 0.05101909076051876213 0.03964039862796529812
null	0.67777967330456823092 0.10477247081070459322 0.00333788109303782181 0.09019147796135418282 0.12391849683033501206
null	0.70368552225828218116 0.24373498974506649373 0.00488553532638579327 0.01524051421756231726 0.03245343845270332733
effect	0.20997657125961322055 0.32370355637211417621 0.00502351816042101093 0.31638059102195459360 0.14491576318589710626
null	0.54234338437424423063 0.38834211747879116006 0.00037136097228381557 0.05148204541082022218 0.01746109176386063597
null	0.76065270408991780826 0.07345483158326836237 0.00260531699543682443 0.10625593546330294736 0.05703121186807414561
null	0.62964266556136117003 0.13218374639789212677 0.00375281389922215358 0.20788436680878127905 0.02653640733274343494
null	0.31352881537799787148 0.30597931129777189430 0.00143369484279565543 0.29708691711724810602 0.08197126136418651787
null	0.85878564233857324073 0.08602377732992404213 0.00112550665215700686 0.02655298407924830059 0.02751208960009757579
null	0.57008207107329478269 0.26546166242061247642 0.00057321435220739016 0.05058762915054604986 0.11329542300333944604
null	0.70333006261076147503 0.25162868327666748636 0.00067750630736560522 0.01939776285827080754 0.02496598494693465578
null	0.83037769865945787462 0.08566658875662438999 0.00095293956203957794 0.05382201559296240917 0.02918075742891575522
null	0.78668615202923963814 0.14023292057900305085 0.00259119452781494605 0.04437739502778811213 0.02611233783615433957
null	0.71683755232183687944 0.22791146047768859328 0.00181541903201978523 0.03487592689725134421 0.01855964127120342602
null	0.48252698975826258110 0.40275620514557636254 0.00115540285922761075 0.05196139773679053775 0.06160000450014294082
null	0.51754855184853876260 0.33302655836486011465 0.00124495994297927617 0.08983175959363205731 0.05834817024998985302
null	0.81422112595145912373 0.14941988576360443197 0.00134918000790114562 0.01695952321774592958 0.01805028505928961066
null	0.61022158926407688018 0.29398746690930283032 0.00095602839445799604 0.02813280559476583065 0.06670210983739657817
null	0.64774367280124234281 0.24057559502369724180 0.00101948033903985491 0.04813358953952415892 0.06252766229649647789
null	0.87436777382521646551 0.09666211637692063985 0.00056378266523866502 0.01313659088661002332 0.01526973624601440233
null	0.88848452298003510741 0.07572149250509987994 0.00057551930419809318 0.02151582451410813390 0.01370264069655871900
null	0.84299714100947864548 0.10003438987191906606 0.00040728168137749919 0.02803858555839454370 0.02852260187883025669
null	0.65005253426431541808 0.25258488450163774086 0.00852065168979508451 0.04663662602066517143 0.04220530352358671522
null	0.91409690669780718775 0.01895694576127842854 0.01447777219438191494 0.02777722238124980328 0.02469115296528266029
null	0.85150055358277676465 0.05137762146913354283 0.00535774630059513996 0.02691531849978200108 0.06484876014771277786
null	0.89006925565494743324 0.04416769109240906849 0.00387038892258035998 0.01856303597143101405 0.04332962835863224393
null	0.77615743682439086726 0.19817082758122819830 0.00212503122301287454 0.01670106507566617229 0.00684563929570177962
null	0.81339242190148774991 0.08972341062130291534 0.01163017131831505999 0.04025631869661869949 0.04499767746227566201
null	0.84442467144558719383 0.01419586226510309926 0.00940261303835594059 0.02674238081005119241 0.10523447244090261554
null	0.80651669112119406257 0.09469882285693037582 0.00303080648857639162 0.05538577451001321095 0.04036790502328586189
advise	0.31937208464319366552 0.33128340078727530615 0.00120644368451594520 0.33775560534243592725 0.01038246554257917648
null	0.89356608758821343130 0.04501582927300057380 0.00189650748342974087 0.04490285777417080820 0.01461871788118546296
null	0.85108061419806990688 0.07788717209968841482 0.00266750865723909157 0.04763953332989547679 0.02072517171510723788
null	0.68143573483093011767 0.10451858383127790586 0.00193864608917480624 0.05444620399850375742 0.15766083125011343125
null	0.86250176739829054195 0.03690574093744010409 0.01329663484798118342 0.04376323214978618259 0.04353262466650208856
advise	0.23610480909009820549 0.12705967484314761862 0.00700602415054530411 0.45619830271793737619 0.17363118919827175146
null	0.82872908992836002984 0.05365166328649455946 0.00292489664532670068 0.07260495392176051499 0.04208939621805820458
null	0.51869109323947870660 0.13871240972177850681 0.00525274397810208873 0.05507227202628783153 0.28227148103435284465
null	0.94261205229995481680 0.00569257509642376400 0.04519609082317695148 0.00465912802082505718 0.00184015375961962542
null	0.43466112436128234719 0.30748873876378135517 0.04716708990179923483 0.03614195679823600793 0.17454109017490102018
null	0.88601881794408499093 0.06039174829776174785 0.00251289202107155864 0.02460026730451248325 0.02647627443256922106
null	0.88601881794408499093 0.06039174829776174785 0.00251289202107155864 0.02460026730451248325 0.02647627443256922106
null	0.90209190737500877244 0.02186656697146148465 0.00153699078862407469 0.01787126211600204365 0.05663327274890355562
null	0.88601881794408499093 0.06039174829776174785 0.00251289202107155864 0.02460026730451248325 0.02647627443256922106
null	0.98609772749932678160 0.00784105173688847377 0.00020877910045790095 0.00348269518897544863 0.00236974647435117232
null	0.98958577803763403402 0.00279835602854846145 0.00012586648546231101 0.00249377065822254307 0.00499622879013260791
null	0.98609772749932678160 0.00784105173688847377 0.00020877910045790095 0.00348269518897544863 0.00236974647435117232
null	0.98958577803763403402 0.00279835602854846145 0.00012586648546231101 0.00249377065822254307 0.00499622879013260791
null	0.98609772749932678160 0.00784105173688847377 0.00020877910045790095 0.00348269518897544863 0.00236974647435117232
null	0.96794712397827908923 0.01537541003037187250 0.00117070453891285472 0.01041898230475552488 0.00508777914768059145
null	0.87409621077769483755 0.07761344683948952217 0.00383405164757263765 0.02825067407708243758 0.01620561665816065353
null	0.81078977527985096607 0.10959291398402483397 0.00689980255041067799 0.02369645485475884578 0.04902105333095477940
null	0.96594034754195701176 0.01893246355807721992 0.00087790763678858371 0.00469179009961010786 0.00955749116356721662
null	0.70968054249116907517 0.23749124241586289097 0.01483173939767235168 0.01143244286239808970 0.02656403283289751616
null	0.83989685169522387831 0.03435249758789420821 0.06255877725427996805 0.03239832905461399043 0.03079354440798813888
null	0.57967074282070540914 0.11476076721448207063 0.28273660432873931603 0.01053924888678354523 0.01229263674928970408
null	0.92664785843780317354 0.05120667151630857450 0.00066171026697944607 0.01179792974022279319 0.00968583003868609543
null	0.69912708501729536881 0.13374862030247863798 0.00321963608674971863 0.06713392595627028225 0.09677073263720580021
mechanism	0.18957543032144752448 0.26119476288859228008 0.00150292311525910475 0.09567077899955510334 0.45205610467514617534
null	0.75519634530740653577 0.05645708915513260318 0.00035890234702825046 0.03817044658834428672 0.14981721660208827118
null	0.97271641707771128171 0.01171273998404446549 0.00373271138242877365 0.00124521415996278902 0.01059291739585269641
null	0.91062957555053303249 0.05007691617793140482 0.00010230735739381143 0.02235244537717140378 0.01683875553697037133
null	0.87477554660787570917 0.05559914781844241954 0.01269814681368451256 0.03123569382689150159 0.02569146493310575999
null	0.92758801799702639279 0.03990732608505618423 0.00258603531206296313 0.01060105866394999048 0.01931756194190429113
null	0.97810403816312796454 0.01258546841809619725 0.00042014983266624306 0.00348952560044836491 0.00540081798566138024
null	0.67410079981145487604 0.23435548555404128734 0.02284783050207407976 0.02559308110983494339 0.04310280302259478225
null	0.43189069037819816099 0.34098021845339049340 0.00303264402981499089 0.05840104470027687733 0.16569540243831953896
effect	0.33089450705543438369 0.46973249634613395420 0.02137684288548710732 0.09077237337184890231 0.08722378034109569411
null	0.64843252031322451412 0.23494159318034726902 0.01291922823557241015 0.07120945490189344029 0.03249720336896238376
null	0.56661753416754279122 0.26652333697394575696 0.00069431024811407915 0.07383684680113654364 0.09232797180926084757
null	0.52162841128949222202 0.36557493950641611891 0.00704332079970358075 0.04992670778329041242 0.05582662062109752105
null	0.73383663016392997047 0.20811808122182015590 0.00604666417582397191 0.03457563405122873051 0.01742299038719714518
null	0.88805586804828862135 0.03348564944771814655 0.01696712626203385546 0.01977556326133746850 0.04171579298062186303
null	0.88177676062718257644 0.05563221073584692644 0.00210918750599211344 0.02361481189329956917 0.03686702923767903872
null	0.82452076089099812783 0.07532874851882091771 0.00827976042429975564 0.02759625394266744525 0.06427447622321377785
mechanism	0.25395026102997675377 0.20935291781247503118 0.12700475906368202672 0.03189882256747778727 0.37779323952638832473
null	0.71864742748296561725 0.04981253338917555895 0.16539730096470137144 0.03291706259204049689 0.03322567557111696240
null	0.81628200191591349100 0.14443660697577423435 0.00859395484286015580 0.00630607163928516897 0.02438136462616707564
null	0.66019224726431369188 0.25202768269778796917 0.01850644117564741870 0.00985407432566340856 0.05941955453658739894
null	0.90031474881020012724 0.04458154163496697714 0.00187472511577427173 0.02111457163083656913 0.03211441280822186634
mechanism	0.14646577112477271454 0.02991671715047622068 0.00232955106768978695 0.00455576517906632235 0.81673219547799491558
null	0.80991267652896314910 0.12562676339004213988 0.01090717925436275951 0.01610073721846177336 0.03745264360817021632
null	0.96718088819740133388 0.01059384301465434754 0.00062597613845030676 0.00691945713379244366 0.01467983551570166585
null	0.74336539365293807791 0.01417419958286384764 0.00073978582121303016 0.00329535342301357339 0.23842526751997145107
null	0.63428053415202267917 0.35063523580695232784 0.00018935024438836197 0.00230022836326449062 0.01259465143337198598
null	0.62296670721556779426 0.27678187100170970059 0.00027101007212090064 0.00605753208104032551 0.09392287962956134828
null	0.89366865841386233793 0.10060873067763957678 0.00035924930114399566 0.00153394043038018388 0.00382942117697402783
null	0.86440750758632090012 0.07389186035764627736 0.00126855633447417655 0.00230194009060738676 0.05813013563095129066
null	0.82058366294864715229 0.02249204901979891952 0.00198857836217297907 0.03008952004275170997 0.12484618962662925867
null	0.81428953685272287277 0.01315436291265781148 0.00339316449833886513 0.01308991608563523160 0.15607301965064490634
null	0.75934026300651347174 0.01972263781258132287 0.00353099295232137513 0.01011876469931155889 0.20728734152927261181
null	0.52118461463780152432 0.00623246241239553984 0.00109811215780972519 0.00138298063103786673 0.47010183016095541397
null	0.49629838076101734368 0.01507926292686405205 0.00491527957382779240 0.03754407787630371918 0.44616299886198712565
advise	0.09490251831485173317 0.10448077603897784615 0.00364599501897992090 0.67397514627430799017 0.12299556435288251655
null	0.58564868860243324278 0.09109717483354279333 0.00705083830282653840 0.25063818692666828269 0.06556511133452899709
null	0.87198588460472048478 0.06449963713661732712 0.00315470935170661729 0.03618822828820900811 0.02417154061874644475
null	0.83243608537564606209 0.00221870767388507827 0.00139719140395425773 0.01119575874389486594 0.15275225680261977912
mechanism	0.29062811066439747654 0.01139782288153171064 0.00645805762540242224 0.13653910214151462887 0.55497690668715393691
null	0.59031129321576647495 0.29698339961729497416 0.00057255801913699258 0.01306742926604356238 0.09906531988175810988
null	0.93604808193540811612 0.02095770338853237061 0.00043887522596301677 0.00318139581099596792 0.03937394363910055872
null	0.97721223924201094935 0.00525939948594995616 0.00029288457751768459 0.00361046057236645741 0.01362501612215506405
null	0.76355337621748309296 0.05624933574733795294 0.10863230723632401331 0.02870825414720720725 0.04285672665164774048
effect	0.20238613330998284079 0.46085382023289417353 0.00114525593719660263 0.15911032556567564211 0.17650446495425065052
null	0.48942201440276827951 0.34023281930590537625 0.00224195576893914013 0.05176928959065738023 0.11633392093172972848
null	0.82724287488178727124 0.07064788931767659874 0.01246459498554650276 0.03696362377353432094 0.05268101704145520398
null	0.92968711294134998013 0.03824251217460509361 0.00176138886338287519 0.01452471862486911028 0.01578426739579285448
null	0.56322587420257619328 0.16190443641303373101 0.07190686078741814757 0.02807795507112623157 0.17488487352584547452
null	0.53582194358669632539 0.19613956771523385902 0.01881109147479796684 0.12932969312744044266 0.11989770409583160038
null	0.82889139117656207567 0.09908480593965805772 0.00056273829419320519 0.03801894372255453652 0.03344212086703220177
null	0.60093327800184093146 0.03403232779306551714 0.00127028059550647826 0.02319971017624833376 0.34056440343333882481
mechanism	0.30483476886150140395 0.21147731609503300776 0.03094453443521594932 0.05684144701922679010 0.39590193358902270315
mechanism	0.30696783590919429763 0.22909824298790687491 0.01532304826681149187 0.02117642573685156113 0.42743444709923561486
null	0.52132613512494707653 0.28861230745017846244 0.02892016560563459571 0.02724121872294583968 0.13390017309629426157
null	0.55240293862728917507 0.29659391586695754706 0.01122157041005250079 0.01277160592530631258 0.12700996917039458767
null	0.72307448310668143154 0.05804288859325826971 0.00262260683222722982 0.05528782640965939493 0.16097219505817347840
null	0.86017344932951111947 0.05121869141828175320 0.00346717024239380544 0.04981839851805725666 0.03532229049175612118
null	0.89157518439695770951 0.05148744317124176462 0.00131599271759656354 0.02284726373895479279 0.03277411597524915871
null	0.98437183051515708687 0.00935546658493676374 0.00014212043453512371 0.00387905294780455405 0.00225152951756657461
null	0.98710706524628732961 0.00909853444232138452 0.00005218767997038630 0.00172108882456096330 0.00202112380686002941
null	0.98081446363479385386 0.01127562159663098376 0.00044820713127823270 0.00300990340347518075 0.00445180423382196457
effect	0.35631613656692739944 0.57432232680618455767 0.01147731234862228028 0.02696266830802369896 0.03092155597024223365
null	0.85013816409709808131 0.06030654976974969550 0.01142476593014441280 0.01100780660968317566 0.06712271359332475096
null	0.85013816409709808131 0.06030654976974969550 0.01142476593014441280 0.01100780660968317566 0.06712271359332475096
null	0.85013816409709808131 0.06030654976974969550 0.01142476593014441280 0.01100780660968317566 0.06712271359332475096
null	0.97108382974304197077 0.01192436865075722878 0.00029058413564613504 0.00987449759846185937 0.00682671987209271681
null	0.97108382974304197077 0.01192436865075722878 0.00029058413564613504 0.00987449759846185937 0.00682671987209271681
null	0.97108382974304197077 0.01192436865075722878 0.00029058413564613504 0.00987449759846185937 0.00682671987209271681
null	0.96182573595703291236 0.02757451928751726219 0.00094954068304847370 0.00561579343505383150 0.00403441063734777828
advise	0.23558128498070404766 0.22056434201588104305 0.00128114806299037699 0.39318796913130438231 0.14938525580912037638
null	0.56729735956166382760 0.10983453941744353299 0.00844019693967165349 0.22420539807193162751 0.09022250600928953534
null	0.94529528181813737842 0.02820160678537651094 0.00147156702764051402 0.01438825229478459498 0.01064329207406089321
null	0.91017308752887726708 0.02354444882358135496 0.00149549490384494853 0.01421126476083812810 0.05057570398285842622
effect	0.26154871772716198342 0.38621231035340336524 0.06982471894315314676 0.03616102587000948054 0.24625322710627187139
null	0.96327153076303662083 0.01247367575396939911 0.00079766002899768506 0.00717908211250656292 0.01627805134148983118
null	0.67639338297272866285 0.31403646881482971676 0.00037072967048481066 0.00488107661724712909 0.00431834192470950413
null	0.86569583699817498346 0.04569540113850452390 0.01120969966143512721 0.02090423785692233777 0.05649482434496320982
null	0.92807379207956963718 0.04537703734518796356 0.00326755512293287666 0.00447109649188735542 0.01881051896042234411
null	0.72690802422598121968 0.10389236260871924367 0.01034910701340318977 0.08598188750428194249 0.07286861864761438878
effect	0.22523816264631280060 0.54235200968770536090 0.00370992888950991790 0.11186731079581252457 0.11683258798065966622
null	0.93153065835104587045 0.03509269568033555886 0.00159820219121698881 0.01694300980310464375 0.01483543397429703571
effect	0.05502644560452626260 0.42967859193526541928 0.02528738196412425379 0.17332314471535792411 0.31668443578072635880
null	0.68395511887905890980 0.08355648445780357314 0.03273941926999155566 0.07889416621540598640 0.12085481117773975990
null	0.88772024859040121747 0.02135847804318031715 0.01451212110551041920 0.04895674493448393116 0.02745240732642408379
null	0.69950789377877120589 0.09453099389616817505 0.01577197356029571076 0.06498358974849036129 0.12520554901627470312
null	0.84901176269990186185 0.06981664467575489363 0.00059892941123284844 0.01200781667013078174 0.06856484654297963222
